# CTOC14 problem A multi-spacecraft submission
# spacecraft=5 covered=75 J=240.000000000000
# covered_ids=5,6,9,12,14,18,19,21,29,33,37,50,61,67,68,69,74,77,79,83,84,92,96,98,101,104,107,109,116,117,119,127,128,133,143,153,162,163,172,174,175,176,180,181,183,186,189,191,195,198,199,200,203,210,211,217,221,222,237,239,254,255,264,267,271,273,275,276,280,286,291,293,294,297,298
1 1 0 0.0000000000000000e+00 -1.9500328647000000e+07 1.4581848347000000e+08 -7.6372048832000009e+03 -2.9389477846999998e+01 -4.3166912970000002e+00 -3.9417153392000008e+00 2.0000000000000000e+03 0.0000000000000000e+00 0.0000000000000000e+00 0.0000000000000000e+00 0
2 1 3 1.0008479152000001e+07 -1.1398611208996403e+08 -8.7213961217752039e+07 -1.6523817304393915e+07 1.8269315350462254e+01 -2.4357060498229725e+01 1.9760173753978221e+00 2.0000000000000000e+03 0.0000000000000000e+00 0.0000000000000000e+00 0.0000000000000000e+00 174
3 1 2 1.0008480152000001e+07 -1.1398609382064617e+08 -8.7213985574810639e+07 -1.6523815328376176e+07 1.8269320367101891e+01 -2.4357056659857641e+01 1.9760181026271046e+00 2.0000000000000000e+03 0.0000000000000000e+00 0.0000000000000000e+00 0.0000000000000000e+00 0
4 1 1 1.0017120152000001e+07 -1.1382805973481433e+08 -8.7424287163214460e+07 -1.6506715397742882e+07 1.8312633847600782e+01 -2.4323853317242087e+01 1.9822980778861683e+00 2.0000000000000000e+03 2.1233639197756177e-01 1.5044161396849492e-01 -1.8849807970362875e-01 0
5 1 1 2.7288479152000003e+07 9.2292133688373730e+07 1.3772040162185743e+08 8.2958548394440645e+06 -2.1190324867541875e+01 1.7545460920211735e+01 -2.5892273293069561e+00 1.8538398285934873e+03 2.3774663247253400e-01 1.2453118653751526e-01 -2.1412299054622105e-01 0
6 1 3 2.7288480151999999e+07 9.2292112498047560e+07 1.3772041916731632e+08 8.2958522502166200e+06 -2.1190327545535187e+01 1.7545456924049056e+01 -2.5892275700234930e+00 1.8538398285934873e+03 0.0000000000000000e+00 0.0000000000000000e+00 0.0000000000000000e+00 19
7 1 2 2.7288481151999999e+07 9.2292091307718709e+07 1.3772043671277121e+08 8.2958496609889343e+06 -2.1190330223527752e+01 1.7545452927886060e+01 -2.5892278107399438e+00 1.8538398285934873e+03 0.0000000000000000e+00 0.0000000000000000e+00 0.0000000000000000e+00 0
8 1 1 2.7297121151999999e+07 9.2108906978924751e+07 1.3787188023592293e+08 8.2734697573253782e+06 -2.1213440346790808e+01 1.7510914222575966e+01 -2.5913043668709621e+00 1.8538398285934873e+03 -1.7317008792240881e-03 -1.3194509637430174e-01 2.4347233557970155e-01 0
9 1 1 3.4200480152000003e+07 -7.8868106273465604e+07 1.5437464550646645e+08 -8.0985518931016847e+06 -2.2942496971598391e+01 -1.2599759672688613e+01 -1.6447345392444694e+00 1.8051833774577617e+03 -1.6101446383358901e-04 -1.5130100426973320e-01 2.3124131351063126e-01 0
10 1 3 3.4200481151999995e+07 -7.8868129215961516e+07 1.5437463290670481e+08 -8.0985535378361167e+06 -2.2942494969021741e+01 -1.2599763592486076e+01 -1.6447343336103930e+00 1.8051833774577617e+03 0.0000000000000000e+00 0.0000000000000000e+00 0.0000000000000000e+00 186
11 1 2 3.4200482151999995e+07 -7.8868152158455431e+07 1.5437462030693927e+08 -8.0985551825703448e+06 -2.2942492966444483e+01 -1.2599767512283270e+01 -1.6447341279762719e+00 1.8051833774577617e+03 0.0000000000000000e+00 0.0000000000000000e+00 0.0000000000000000e+00 0
12 1 1 3.4209122151999995e+07 -7.9066300486639395e+07 1.5426561203926554e+08 -8.1127580054247789e+06 -2.2925168044385757e+01 -1.2633624392329127e+01 -1.6429557969606055e+00 1.8051833774577617e+03 1.1031861672719624e-01 -1.2578800783156746e-01 -7.3579006639892350e-02 0
13 1 1 5.1480481152000003e+07 9.4932894142591447e+07 -1.1518318788061570e+08 6.3005464898087466e+06 2.6328889247128785e+01 1.7289368005365361e+01 1.9496526336754518e+00 1.7241380058976672e+03 1.4197515153128146e-01 -7.9850034463951239e-02 -9.4975813051181288e-02 0
14 1 3 5.1480482152000003e+07 9.4932920471478760e+07 -1.1518317059124543e+08 6.3005484394612508e+06 2.6328885468685954e+01 1.7289372589793143e+01 1.9496523829061549e+00 1.7241380058976672e+03 0.0000000000000000e+00 0.0000000000000000e+00 0.0000000000000000e+00 68
15 1 2 5.1480483152000003e+07 9.4932946800362289e+07 -1.1518315330187057e+08 6.3005503891135054e+06 2.6328881690242341e+01 1.7289377174219918e+01 1.9496521321367986e+00 1.7241380058976672e+03 0.0000000000000000e+00 0.0000000000000000e+00 0.0000000000000000e+00 0
16 1 1 5.1489123152000003e+07 9.5160287224333048e+07 -1.1503360207875539e+08 6.3173860171669545e+06 2.6296206718333654e+01 1.7328948953050880e+01 1.9474832453061393e+00 1.7241380058976672e+03 7.2744069542392317e-03 -5.4590137238517626e-02 1.1580262564085754e-01 0
17 1 1 7.3944482151999995e+07 -1.2366079887488629e+08 1.2040450533489574e+08 -1.1930167283352234e+06 -1.5302432310426138e+01 -2.2532985586756102e+01 -1.1981432324182297e+00 1.6462131660300697e+03 -1.3751246074801292e-02 -8.1957503258867054e-02 1.1899090225199496e-01 0
18 1 3 7.3944483151999995e+07 -1.2366081417731698e+08 1.2040448280190866e+08 -1.1930179264784381e+06 -1.5302429118715521e+01 -2.2532988694420631e+01 -1.1981432016262095e+00 1.6462131660300697e+03 0.0000000000000000e+00 0.0000000000000000e+00 0.0000000000000000e+00 98
19 1 2 7.3944484151999995e+07 -1.2366082947974448e+08 1.2040446026891844e+08 -1.1930191246216218e+06 -1.5302425927004244e+01 -2.2532991802084837e+01 -1.1981431708341557e+00 1.6462131660300697e+03 0.0000000000000000e+00 0.0000000000000000e+00 0.0000000000000000e+00 0
20 1 1 7.3953124151999995e+07 -1.2379292323898530e+08 1.2020965926179457e+08 -1.2033699287113256e+06 -1.5274824964699517e+01 -2.2559829868227549e+01 -1.1978758777623724e+00 1.6462131660300697e+03 -1.4492982236566426e-01 1.9098559803376888e-01 -8.9941636971810957e-02 0
21 1 1 8.8632483151999995e+07 1.0133769648596887e+08 -9.3185915140892312e+07 -1.2583652114145034e+06 2.3076653955349922e+01 2.2575008979002945e+01 1.5389598917296414e+00 1.5491018071775195e+03 -1.2850217142270093e-01 2.0687258924990534e-01 -1.0011493603811084e-01 0
22 1 3 8.8632484151999995e+07 1.0133771956262022e+08 -9.3185892565881014e+07 -1.2583636724545828e+06 2.3076648801719443e+01 2.2575013718065275e+01 1.5389599557250235e+00 1.5491018071775195e+03 0.0000000000000000e+00 0.0000000000000000e+00 0.0000000000000000e+00 264
23 1 2 8.8632485151999995e+07 1.0133774263926639e+08 -9.3185869990864962e+07 -1.2583621334945981e+06 2.3076643648087980e+01 2.2575018457126276e+01 1.5389600197203250e+00 1.5491018071775195e+03 0.0000000000000000e+00 0.0000000000000000e+00 0.0000000000000000e+00 0
24 1 1 8.8641125151999980e+07 1.0153693237646516e+08 -9.2990645089156866e+07 -1.2450631389802424e+06 2.3032079598820619e+01 2.2615914543763790e+01 1.5395099296807482e+00 1.5491018071775195e+03 1.9955570512711771e-02 -7.3041911714378960e-02 1.4038727437261861e-01 0
25 1 1 1.0332048415200000e+08 -6.9997409738889143e+07 1.4203844129413453e+08 9.1427383092687558e+06 -2.4036947277341763e+01 -1.3736148704263719e+01 -9.6272412330804435e-01 1.4908633696688053e+03 1.2624924282307846e-03 -8.8082935823988406e-02 1.2458045369598271e-01 0
26 1 3 1.0332048515200000e+08 -6.9997433775835201e+07 1.4203842755798349e+08 9.1427373465444837e+06 -2.4036944949380558e+01 -1.3736153428151495e+01 -9.6272442737551467e-01 1.4908633696688053e+03 0.0000000000000000e+00 0.0000000000000000e+00 0.0000000000000000e+00 84
27 1 2 1.0332048615200000e+08 -6.9997457812778950e+07 1.4203841382182774e+08 9.1427363838199060e+06 -2.4036942621418476e+01 -1.3736158152038971e+01 -9.6272473144296311e-01 1.4908633696688053e+03 0.0000000000000000e+00 0.0000000000000000e+00 0.0000000000000000e+00 0
28 1 1 1.0332912615199998e+08 -7.0205050012082860e+07 1.4191955712959072e+08 9.1344070952468924e+06 -2.4016796313668220e+01 -1.3776961303435119e+01 -9.6535105338999527e-01 1.4908633696688053e+03 8.5519730225868631e-02 -5.0988074632951162e-03 -4.6992750772253185e-02 0
29 1 1 1.2060048515200000e+08 1.3852686394686866e+08 -3.1055216233371560e+07 -2.2630614977337243e+06 1.2302982324558132e+01 2.9502433363625762e+01 2.1115173709221740e+00 1.4159430357321789e+03 2.2419545908842864e-01 1.1219673730527908e-01 -2.7552349765294516e-02 0
30 1 3 1.2060048615200000e+08 1.3852687624984774e+08 -3.1055186730937533e+07 -2.2630593862163052e+06 1.2302975901610237e+01 2.9502434803533703e+01 2.1115174758514148e+00 1.4159430357321789e+03 0.0000000000000000e+00 0.0000000000000000e+00 0.0000000000000000e+00 163
31 1 2 1.2060048715200000e+08 1.3852688855282038e+08 -3.1055157228502069e+07 -2.2630572746987808e+06 1.2302969478662519e+01 2.9502436243440116e+01 2.1115175807805451e+00 1.4159430357321789e+03 0.0000000000000000e+00 0.0000000000000000e+00 0.0000000000000000e+00 0
32 1 1 1.2060912715199998e+08 1.3863294649312991e+08 -3.0800202600194305e+07 -2.2448098581786179e+06 1.2247481905091460e+01 2.9514819734808025e+01 2.1124200592915394e+00 1.4159430357321789e+03 1.1583082181958657e-01 -2.0077924503697518e-02 2.4614067713946430e-01 0
33 1 1 1.4047248615199998e+08 -1.4441360295583606e+08 7.5398815585951775e+07 2.2087203920122705e+07 -6.0854233832488802e+00 -2.6236219766334575e+01 -1.6810612901097726e+00 1.2823398818760534e+03 1.0401644892733124e-01 1.1658764846782960e-02 2.3313803698785029e-01 0
34 1 3 1.4047248715199998e+08 -1.4441360904125729e+08 7.5398789349730924e+07 2.2087202239061087e+07 -6.0854190700831747e+00 -2.6236222018252093e+01 -1.6810619497828425e+00 1.2823398818760534e+03 0.0000000000000000e+00 0.0000000000000000e+00 0.0000000000000000e+00 298
35 1 2 1.4047248815199998e+08 -1.4441361512667418e+08 7.5398763113507837e+07 2.2087200557998810e+07 -6.0854147569167427e+00 -2.6236224270169110e+01 -1.6810626094559460e+00 1.2823398818760534e+03 0.0000000000000000e+00 0.0000000000000000e+00 0.0000000000000000e+00 0
36 1 1 1.4048112815199998e+08 -1.4446603204404524e+08 7.5171998137210026e+07 2.2072651551339831e+07 -6.0481218965216064e+00 -2.6255662166578666e+01 -1.6867634162208827e+00 1.2823398818760534e+03 1.9947818368651155e-01 3.1079417770896595e-01 2.3521175337684966e-01 0
37 1 1 1.4738448715199998e+08 -3.9858461912498228e+07 -9.5886466757150412e+07 -1.1439712808942220e+06 3.9087552655436141e+01 -8.0596755919127734e+00 -4.3888923396725144e+00 1.2084218777569533e+03 1.9375392067312172e-01 2.9242102408291115e-01 1.9720262378050485e-01 0
38 1 3 1.4738448815199998e+08 -3.9858422824943282e+07 -9.5886474816820309e+07 -1.1439756697864851e+06 3.9087557378772615e+01 -8.0596642290988108e+00 -4.3888922041084708e+00 1.2084218777569533e+03 0.0000000000000000e+00 0.0000000000000000e+00 0.0000000000000000e+00 293
39 1 2 1.4738448915199998e+08 -3.9858383737383619e+07 -9.5886482876478836e+07 -1.1439800586786128e+06 3.9087562102105487e+01 -8.0596528662814286e+00 -4.3888920685438766e+00 1.2084218777569533e+03 0.0000000000000000e+00 0.0000000000000000e+00 0.0000000000000000e+00 0
40 1 1 1.4739312915199998e+08 -3.9520491291774333e+07 -9.5955693794799224e+07 -1.1818949671004775e+06 3.9128236771273350e+01 -7.9613505369546989e+00 -4.3877002551777409e+00 1.2084218777569533e+03 -1.0666986717118787e-01 8.9970442323988653e-02 -4.4421366093673126e-01 0
41 1 1 1.5688848815199998e+08 6.7265521402041823e+07 1.4059431221316838e+08 -8.5790506736166049e+06 -2.0217798943789717e+01 1.9109886497649168e+01 1.6287428588529296e+00 1.0959755570848772e+03 -1.2102891479201527e-01 7.3338577134904631e-02 -4.4149332900124882e-01 0
42 1 3 1.5688848915199998e+08 6.7265501184241742e+07 1.4059433132305241e+08 -8.5790490448735990e+06 -2.0217801291011494e+01 1.9109881591627538e+01 1.6287431582178231e+00 1.0959755570848772e+03 0.0000000000000000e+00 0.0000000000000000e+00 0.0000000000000000e+00 294
43 1 2 1.5688849015199998e+08 6.7265480966439322e+07 1.4059435043293148e+08 -8.5790474161302950e+06 -2.0217803638232184e+01 1.9109876685606036e+01 1.6287434575826116e+00 1.0959755570848772e+03 0.0000000000000000e+00 0.0000000000000000e+00 0.0000000000000000e+00 0
44 1 1 1.5689713015199998e+08 6.7090711650042534e+07 1.4075927666481969e+08 -8.5649639102335777e+06 -2.0238043155329873e+01 1.9067493383907173e+01 1.6313260439518820e+00 1.0959755570848772e+03 7.5863487166719937e-02 -4.2682405328303752e-02 -1.6510042579364140e-01 0
45 1 1 1.7157648915199998e+08 -1.4228567395684588e+08 1.5959908619860278e+06 4.0223493025684669e+06 1.0478419261545435e+01 -2.8583566516331210e+01 -9.2852102499230371e-01 1.0224140447703206e+03 1.1838322022655150e-01 -9.9313096581180885e-02 -1.4317848074759607e-01 0
46 1 3 1.7157649015199998e+08 -1.4228566347842336e+08 1.5959622784195312e+06 4.0223483740473511e+06 1.0478425807711554e+01 -2.8583566589757631e+01 -9.2852121004933652e-01 1.0224140447703206e+03 0.0000000000000000e+00 0.0000000000000000e+00 0.0000000000000000e+00 133
47 1 2 1.7157649115199998e+08 -1.4228565299999431e+08 1.5959336948529615e+06 4.0223474455260504e+06 1.0478432353878684e+01 -2.8583566663182751e+01 -9.2852139510636911e-01 1.0224140447703206e+03 0.0000000000000000e+00 0.0000000000000000e+00 0.0000000000000000e+00 0
48 1 1 1.7158513115199998e+08 -1.4219487490140563e+08 1.3489690780301609e+06 4.0143181135142110e+06 1.0535028970453977e+01 -2.8584152527385850e+01 -9.3012026720111407e-01 1.0224140447703206e+03 -8.7530487995008510e-02 -2.6722362184556042e-01 8.3210353731664216e-02 0
49 1 1 1.8108049015199998e+08 1.2600559854906315e+08 1.1246746473609237e+07 -1.9579117025840678e+06 7.3195003715332430e+00 3.2569253975207488e+01 5.4037853107485356e-01 9.4596566132063890e+02 -1.3905861462605900e-02 -3.3518986781279531e-01 6.9035974751457466e-02 0
50 1 3 1.8108049115199998e+08 1.2600560586855938e+08 1.1246779042862779e+07 -1.9579111622054738e+06 7.3194921148302372e+00 3.2569253238246759e+01 5.4037865936988894e-01 9.4596566132063890e+02 0.0000000000000000e+00 0.0000000000000000e+00 0.0000000000000000e+00 254
51 1 2 1.8108049215199998e+08 1.2600561318804735e+08 1.1246811612115584e+07 -1.9579106218267514e+06 7.3194838581287449e+00 3.2569252501284076e+01 5.4037878766485814e-01 9.4596566132063890e+02 0.0000000000000000e+00 0.0000000000000000e+00 0.0000000000000000e+00 0
52 1 1 1.8108913215199998e+08 1.2606854551150183e+08 1.1528182236645363e+07 -1.9532369676480258e+06 7.2482024324092480e+00 3.2562812225074239e+01 5.4148478090784069e-01 9.4596566132063890e+02 -7.3843661010631848e-02 1.2564827838628778e-02 -1.0418873987694512e-01 0
53 1 1 1.9836049115199998e+08 -1.3692354675593540e+08 4.2372108777434632e+07 -4.6137629666580902e+06 -1.5476290601860789e+00 -3.0080611110537451e+01 -5.6333555709131566e-01 8.9169098662330941e+02 -6.8184832465338047e-02 2.3146872365747594e-02 -9.4010805204186601e-02 0
54 1 3 1.9836049215199998e+08 -1.3692354830356136e+08 4.2372078696822621e+07 -4.6137635299935425e+06 -1.5476228984233242e+00 -3.0080613017344522e+01 -5.6333534946512531e-01 8.9169098662330941e+02 0.0000000000000000e+00 0.0000000000000000e+00 0.0000000000000000e+00 29
55 1 2 1.9836049315199998e+08 -1.3692354985118118e+08 4.2372048616208710e+07 -4.6137640933287870e+06 -1.5476167366595477e+00 -3.0080614924150538e+01 -5.6333514183887756e-01 8.9169098662330941e+02 0.0000000000000000e+00 0.0000000000000000e+00 0.0000000000000000e+00 0
56 1 1 1.9836913315199998e+08 -1.3693669116324747e+08 4.2112081046044879e+07 -4.6186235531667164e+06 -1.4943409268873402e+00 -3.0097050158670324e+01 -5.6153910536932938e-01 8.9169098662330941e+02 1.3440002722516359e-01 -1.2551237154849418e-01 -2.2457864551971166e-01 0
57 1 1 2.0786449215199998e+08 1.1019469006096897e+08 -6.6803313229856119e+07 -2.1577101667355900e+06 2.5443822762467327e+01 2.3775856782832886e+01 1.0999021846769459e+00 8.2153407794755037e+02 1.0592200946290632e-01 -1.8395020296979933e-01 -2.0072445164819616e-01 0
58 1 3 2.0786449315199998e+08 1.1019471550478826e+08 -6.6803289453997307e+07 -2.1577090668333406e+06 2.5443815931067672e+01 2.3775860924230237e+01 1.0999023184417855e+00 8.2153407794755037e+02 0.0000000000000000e+00 0.0000000000000000e+00 0.0000000000000000e+00 210
59 1 2 2.0786449415199998e+08 1.1019474094860072e+08 -6.6803265678134352e+07 -2.1577079669309575e+06 2.5443809099667931e+01 2.3775865065625204e+01 1.0999024522065275e+00 8.2153407794755037e+02 0.0000000000000000e+00 0.0000000000000000e+00 0.0000000000000000e+00 0
60 1 1 2.0787313415199998e+08 1.1041432047011039e+08 -6.6597687883120015e+07 -2.1481998274772647e+06 2.5384782882238270e+01 2.3811557887764668e+01 1.1010545431721506e+00 8.2153407794755037e+02 -9.6740414124083990e-02 -5.5608545595945552e-02 -1.5374807811725869e-01 0
61 1 1 2.1996049315199998e+08 5.6828237880367987e+07 1.8362435978210127e+08 -2.1579629933530688e+06 -2.2023342631435398e+01 5.3538391162124661e+00 -1.1467621701483410e+00 7.5937933724063100e+02 -1.4311887495828968e-01 -8.6581714266466797e-02 -1.3621472569965404e-01 0
62 1 3 2.1996049415199998e+08 5.6828215857024871e+07 1.8362436513593867e+08 -2.1579641401152168e+06 -2.2023343693176489e+01 5.3538356854960369e+00 -1.1467621298303736e+00 7.5937933724063100e+02 0.0000000000000000e+00 0.0000000000000000e+00 0.0000000000000000e+00 67
63 1 2 2.1996049515199998e+08 5.6828193833680689e+07 1.8362437048977262e+08 -2.1579652868773239e+06 -2.2023344754917193e+01 5.3538322547794337e+00 -1.1467620895123838e+00 7.5937933724063100e+02 0.0000000000000000e+00 0.0000000000000000e+00 0.0000000000000000e+00 0
64 1 1 2.1996913515199998e+08 5.6637872547517642e+07 1.8367049953092521e+08 -2.1678718040724858e+06 -2.2032503688347653e+01 5.3241843647952161e+00 -1.1464129097081246e+00 7.5937933724063100e+02 -1.7552844782572663e-01 -1.2225974502092345e-01 2.2399695257597094e-01 0
65 1 1 2.2946449415199998e+08 -1.3588071244269860e+08 5.3802013540574566e+07 3.3681473211506009e+06 -7.6192006307209290e+00 -3.2021749770329336e+01 2.1046152225206183e+00 6.8685565476503427e+02 -1.5942483800822485e-01 -1.2358213260853756e-01 2.0772204095853750e-01 0
66 1 3 2.2946449515199998e+08 -1.3588072006189632e+08 5.3801981518823713e+07 3.3681494257657477e+06 -7.6191948580628566e+00 -3.2021752056014485e+01 2.1046150794306389e+00 6.8685565476503427e+02 0.0000000000000000e+00 0.0000000000000000e+00 0.0000000000000000e+00 83
67 1 2 2.2946449615199998e+08 -1.3588072768108827e+08 5.3801949497070581e+07 3.3681515303807515e+06 -7.6191890854039084e+00 -3.2021754341698497e+01 2.1046149363405560e+00 6.8685565476503427e+02 0.0000000000000000e+00 0.0000000000000000e+00 0.0000000000000000e+00 0
68 1 1 2.2947313615199998e+08 -1.3594634191741318e+08 5.3525196349734493e+07 3.3863300515372632e+06 -7.5692806704632680e+00 -3.2041459979040688e+01 2.1033747891267240e+00 6.8685565476503427e+02 -1.3787412152922260e-01 2.5405481486088993e-01 -7.6165869069820091e-02 0
69 1 1 2.3896849515199998e+08 3.0841082187711749e+07 -1.4038126092274499e+08 3.1708079470278127e+06 2.9454740230325768e+01 6.2645766423386195e+00 -2.1159892787578585e+00 6.1363502501832522e+02 -8.1636072883573441e-02 2.8865457993405474e-01 -7.1616688468804077e-02 0
70 1 3 2.3896849615199998e+08 3.0841111642451234e+07 -1.4038125465816522e+08 3.1708058310384676e+06 2.9454738852831387e+01 6.2645829123618402e+00 -2.1159894203795617e+00 6.1363502501832522e+02 0.0000000000000000e+00 0.0000000000000000e+00 0.0000000000000000e+00 117
71 1 4 2.3896849715199998e+08 3.0841141097189341e+07 -1.4038124839357919e+08 3.1708037150489804e+06 2.9454737475335698e+01 6.2645891823847597e+00 -2.1159895620011699e+00 6.1363502501832522e+02 0.0000000000000000e+00 0.0000000000000000e+00 0.0000000000000000e+00 0
72 2 0 0.0000000000000000e+00 -1.9500328647000000e+07 1.4581848347000000e+08 -7.6372048832000009e+03 -2.9389477846999998e+01 -4.3166912970000002e+00 -3.9417153392000008e+00 2.0000000000000000e+03 0.0000000000000000e+00 0.0000000000000000e+00 0.0000000000000000e+00 0
73 2 3 1.0008479152000001e+07 -1.1398611208996403e+08 -8.7213961217752039e+07 -1.6523817304393915e+07 1.8269315350462254e+01 -2.4357060498229725e+01 1.9760173753978221e+00 2.0000000000000000e+03 0.0000000000000000e+00 0.0000000000000000e+00 0.0000000000000000e+00 174
74 2 2 1.0008480152000001e+07 -1.1398609382064617e+08 -8.7213985574810639e+07 -1.6523815328376176e+07 1.8269320367101891e+01 -2.4357056659857641e+01 1.9760181026271046e+00 2.0000000000000000e+03 0.0000000000000000e+00 0.0000000000000000e+00 0.0000000000000000e+00 0
75 2 1 1.0017120152000001e+07 -1.1382805973481433e+08 -8.7424287163214460e+07 -1.6506715397742882e+07 1.8312633847600782e+01 -2.4323853317242087e+01 1.9822980778861683e+00 2.0000000000000000e+03 8.9754086424903790e-02 3.6390185923226848e-01 3.4959227674978770e-02 0
76 2 1 2.9880479152000003e+07 -1.9210442604870845e+07 1.6598910245109579e+08 -4.2684483849431342e+06 -2.7781280538160914e+01 1.1778733312928145e+00 -4.1589670355831814e+00 1.8072529605790025e+03 -3.5333981910408221e-03 3.1519199408868376e-01 -3.0193299915022653e-01 0
77 2 3 2.9880480151999999e+07 -1.9210470386151053e+07 1.6598910362896675e+08 -4.2684525439101001e+06 -2.7781279992254717e+01 1.1778686143575323e+00 -4.1589669142860339e+00 1.8072529605790025e+03 0.0000000000000000e+00 0.0000000000000000e+00 0.0000000000000000e+00 127
78 2 2 2.9880481151999999e+07 -1.9210498167430721e+07 1.6598910480683300e+08 -4.2684567028769460e+06 -2.7781279446347774e+01 1.1778638974225950e+00 -4.1589667929887790e+00 1.8072529605790025e+03 0.0000000000000000e+00 0.0000000000000000e+00 0.0000000000000000e+00 0
79 2 1 2.9889121151999999e+07 -1.9450507965840165e+07 1.6599910552934918e+08 -4.3043856369167678e+06 -2.7776534989385105e+01 1.1371224616151807e+00 -4.1579147383458794e+00 1.8072529605790025e+03 5.3678675745915089e-02 -9.3255084883107200e-02 1.2777636650824478e-02 0
80 2 1 4.9752480152000003e+07 -2.9405258527635731e+07 -1.6209336327721840e+08 -2.8649299416854330e+06 2.8819055541721593e+01 -2.0053531649342222e+00 4.3166418472160544e+00 1.7417659808947190e+03 1.3920507617563158e-01 -6.9724965340903985e-02 2.3456526915774798e-02 0
81 2 3 4.9752481152000003e+07 -2.9405229708579812e+07 -1.6209336528256917e+08 -2.8649256250435519e+06 2.8819056414191426e+01 -2.0053483555345766e+00 4.3166419322200440e+00 1.7417659808947190e+03 0.0000000000000000e+00 0.0000000000000000e+00 0.0000000000000000e+00 6
82 2 2 4.9752482152000003e+07 -2.9405200889523018e+07 -1.6209336728791508e+08 -2.8649213084015856e+06 2.8819057286660456e+01 -2.0053435461345885e+00 4.3166420172239111e+00 1.7417659808947190e+03 0.0000000000000000e+00 0.0000000000000000e+00 0.0000000000000000e+00 0
83 2 1 4.9761122152000003e+07 -2.9156171756253134e+07 -1.6211051390933827e+08 -2.8276223618545569e+06 2.8826565410821431e+01 -1.9637775142073779e+00 4.3173718552446827e+00 1.7417659808947190e+03 3.8979605064339362e-01 6.0394716191438632e-03 -2.0780572999102453e-01 0
84 2 1 6.7032481152000003e+07 8.4879563853852600e+07 1.9768288404171699e+08 -3.3120613147109705e+06 -1.8288677601488633e+01 1.4126696630317587e+01 -4.0387384534600468e+00 1.5524150122033122e+03 2.8774056231541240e-01 7.0956070934963339e-02 -3.0854825984016754e-01 0
85 2 3 6.7032482152000003e+07 8.4879545565174460e+07 1.9768289816841227e+08 -3.3120653534493940e+06 -1.8288678732396395e+01 1.4126693996454611e+01 -4.0387384093311844e+00 1.5524150122033122e+03 0.0000000000000000e+00 0.0000000000000000e+00 0.0000000000000000e+00 104
86 2 2 6.7032483152000003e+07 8.4879527276495203e+07 1.9768291229510492e+08 -3.3120693921877733e+06 -1.8288679863303827e+01 1.4126691362591659e+01 -4.0387383652022724e+00 1.5524150122033122e+03 0.0000000000000000e+00 0.0000000000000000e+00 0.0000000000000000e+00 0
87 2 1 6.7041123152000003e+07 8.4721470907648891e+07 1.9780486860284472e+08 -3.3469624391623368e+06 -1.8298438382313662e+01 1.4103935750834390e+01 -4.0383552174465871e+00 1.5524150122033122e+03 1.1831074058165444e-01 1.8839338186817137e-01 8.0465808035224726e-02 0
88 2 1 8.9496482151999995e+07 -2.0032454601787940e+08 2.2866541132453959e+07 -2.5064532017302070e+07 6.6816462757058659e+00 -2.1875685045976592e+01 3.1792078413467433e+00 1.4216231652463948e+03 6.8109303420733694e-02 2.0354898201537805e-01 5.8925166233865491e-02 0
89 2 3 8.9496483151999995e+07 -2.0032453933623156e+08 2.2866519256768774e+07 -2.5064528838094041e+07 6.6816494454191906e+00 -2.1875685407791199e+01 3.1792082379400664e+00 1.4216231652463948e+03 0.0000000000000000e+00 0.0000000000000000e+00 0.0000000000000000e+00 14
90 2 2 8.9496484151999995e+07 -2.0032453265458050e+08 2.2866497381083228e+07 -2.5064525658885609e+07 6.6816526151328519e+00 -2.1875685769605511e+01 3.1792086345333943e+00 1.4216231652463948e+03 0.0000000000000000e+00 0.0000000000000000e+00 0.0000000000000000e+00 0
91 2 1 8.9505124151999995e+07 -2.0026668483090082e+08 2.2677477983198799e+07 -2.5037042492981337e+07 6.7090514961290184e+00 -2.1878800797849820e+01 3.1826353866241663e+00 1.4216231652463948e+03 -1.6777066128632634e-01 3.8278694140809547e-02 5.3722173530507462e-02 0
92 2 1 1.0418448315200000e+08 8.5522343225077912e+07 1.0216485121071570e+08 -2.8790909355172743e+06 -1.5819163517891454e+01 2.9591040199758474e+01 -5.4674544512105570e+00 1.3528325316925379e+03 -1.7328986021745862e-01 3.7826634688542436e-02 -1.1620947038771369e-01 0
93 2 3 1.0418448415200000e+08 8.5522327405912042e+07 1.0216488080175297e+08 -2.8790964029716342e+06 -1.5819168313304832e+01 2.9591034471164146e+01 -5.4674542897738485e+00 1.3528325316925379e+03 0.0000000000000000e+00 0.0000000000000000e+00 0.0000000000000000e+00 189
94 2 2 1.0418448515200000e+08 8.5522311586741358e+07 1.0216491039278452e+08 -2.8791018704258325e+06 -1.5819173108715960e+01 2.9591028742569787e+01 -5.4674541283368789e+00 1.3528325316925379e+03 0.0000000000000000e+00 0.0000000000000000e+00 0.0000000000000000e+00 0
95 2 1 1.0419312515199998e+08 8.5385455185346901e+07 1.0242036305964953e+08 -2.9263346205130527e+06 -1.5860521449171330e+01 2.9541532721460197e+01 -5.4660496030210384e+00 1.3528325316925379e+03 1.4987207006569536e-01 -1.8707547994975204e-01 2.1019606308503094e-01 0
96 2 1 1.2146448415200000e+08 -1.6398013381587914e+08 2.0778374148509383e+07 -1.0262490184944032e+07 7.1705857054791853e+00 -2.5843251986209992e+01 4.4760185251436084e+00 1.2083314098248361e+03 1.7247241588195111e-01 -2.3431238447281605e-01 1.7473247726303257e-01 0
97 2 3 1.2146448515200000e+08 -1.6398012664529106e+08 2.0778348305257145e+07 -1.0262485708925365e+07 7.1705904967009984e+00 -2.5843252593318532e+01 4.4760188249961326e+00 1.2083314098248361e+03 0.0000000000000000e+00 0.0000000000000000e+00 0.0000000000000000e+00 275
98 2 2 1.2146448615200000e+08 -1.6398011947469819e+08 2.0778322462004300e+07 -1.0262481232906399e+07 7.1705952879235229e+00 -2.5843253200426435e+01 4.4760191248485848e+00 1.2083314098248361e+03 0.0000000000000000e+00 0.0000000000000000e+00 0.0000000000000000e+00 0
99 2 1 1.2147312615199998e+08 -1.6391798662339005e+08 2.0555014162860230e+07 -1.0223797243602825e+07 7.2120180483754481e+00 -2.5848474756743762e+01 4.4786071172476358e+00 1.2083314098248361e+03 -2.5954118947168242e-01 7.7014936813291190e-02 2.5821435856908403e-01 0
100 2 1 1.3615248515200001e+08 4.9933865789939664e+07 1.4146661709225580e+08 -2.6990822092922397e+07 -2.2516130656019868e+01 1.6516660080579577e+01 -5.1953456120565740e+00 1.1035589086334151e+03 -1.3705307116950477e-01 -3.2539922596067514e-02 -3.9253603465303977e-01 0
101 2 3 1.3615248615199998e+08 4.9933843273808122e+07 1.4146663360891318e+08 -2.6990827288267493e+07 -2.2516132527137565e+01 1.6516654779552677e+01 -5.1953446006583919e+00 1.1035589086334151e+03 0.0000000000000000e+00 0.0000000000000000e+00 0.0000000000000000e+00 271
102 2 2 1.3615248715199998e+08 4.9933820757674702e+07 1.4146665012556526e+08 -2.6990832483611580e+07 -2.2516134398254088e+01 1.6516649478526091e+01 -5.1953435892601920e+00 1.1035589086334151e+03 0.0000000000000000e+00 0.0000000000000000e+00 0.0000000000000000e+00 0
103 2 1 1.3616112715199998e+08 4.9739211643187918e+07 1.4160915615030965e+08 -2.7035682500055861e+07 -2.2532257188472734e+01 1.6470860071762083e+01 -5.1866044394894368e+00 1.1035589086334151e+03 -1.9244964711336762e-01 2.5282515573860820e-01 1.2196673527189172e-01 0
104 2 1 1.4824848615199998e+08 -1.8514612936137137e+08 7.7792326349514619e+07 -2.0527518917174019e+07 -7.7595807643655874e+00 -1.8745980259160469e+01 4.7332088144517854e+00 9.9798767719233490e+02 -2.0275335278485720e-01 2.6795703340329241e-01 8.1682971100004165e-02 0
105 2 3 1.4824848715199998e+08 -1.8514613712095061e+08 7.7792307603533775e+07 -2.0527514183965050e+07 -7.7595777776005210e+00 -1.8745981514100933e+01 4.7332091456003127e+00 9.9798767719233490e+02 0.0000000000000000e+00 0.0000000000000000e+00 0.0000000000000000e+00 107
106 2 2 1.4824848815199998e+08 -1.8514614488052687e+08 7.7792288857551664e+07 -2.0527509450755749e+07 -7.7595747908353037e+00 -1.8745982769041106e+01 4.7332094767487671e+00 9.9798767719233490e+02 0.0000000000000000e+00 0.0000000000000000e+00 0.0000000000000000e+00 0
107 2 1 1.4825712815199998e+08 -1.8521307611003762e+08 7.7630276757370532e+07 -2.0486602168725085e+07 -7.7337634911281796e+00 -1.8756814572686526e+01 4.7360678570762946e+00 9.9798767719233490e+02 -2.5454746234032235e-02 -3.9906624006630607e-02 -7.5658324049561965e-02 0
108 2 1 1.6812048715199998e+08 7.4492483540268466e+07 1.0285867157256511e+08 -2.3217098222527664e+07 -2.1210768982423005e+01 2.5934193815161784e+01 -5.9402076846900043e+00 9.6975723423287752e+02 -6.6243914585887532e-03 -3.6468963519448547e-02 5.6211150238342819e-02 0
109 2 3 1.6812048815199998e+08 7.4492462329497233e+07 1.0285869750675569e+08 -2.3217104162734624e+07 -2.1210773576476001e+01 2.5934187471725604e+01 -5.9402062528595234e+00 9.6975723423287752e+02 0.0000000000000000e+00 0.0000000000000000e+00 0.0000000000000000e+00 200
110 2 2 1.6812048915199998e+08 7.4492441118721396e+07 1.0285872344093993e+08 -2.3217110102940150e+07 -2.1210778170526677e+01 2.5934181128289222e+01 -5.9402048210289928e+00 9.6975723423287752e+02 0.0000000000000000e+00 0.0000000000000000e+00 0.0000000000000000e+00 0
111 2 1 1.6812912915199998e+08 7.4309008772753701e+07 1.0308255797702816e+08 -2.3268380024410728e+07 -2.1250384174428632e+01 2.5879366439364020e+01 -5.9278319366303664e+00 9.6975723423287752e+02 8.4339789008113078e-02 2.2310787684521621e-01 -4.2537395973411429e-01 0
112 2 1 1.8280848815199998e+08 -1.9264773828133121e+08 4.9954991028666884e+07 -4.5301803206869774e+07 -1.3346208534914448e+00 -1.8528657712607384e+01 5.0038475920739145e-01 7.8793857439565818e+02 1.2691356143999880e-01 1.4183653786214676e-01 -4.4838279144143134e-01 0
113 2 3 1.8280848915199998e+08 -1.9264773961595055e+08 4.9954972500008814e+07 -4.5301802706484661e+07 -1.3346178468440333e+00 -1.8528658492253264e+01 5.0038546623125446e-01 7.8793857439565818e+02 0.0000000000000000e+00 0.0000000000000000e+00 0.0000000000000000e+00 101
114 2 2 1.8280849015199998e+08 -1.9264774095056692e+08 4.9954953971349962e+07 -4.5301802206098840e+07 -1.3346148401964513e+00 -1.8528659271898899e+01 5.0038617325514478e-01 7.8793857439565818e+02 0.0000000000000000e+00 0.0000000000000000e+00 0.0000000000000000e+00 0
115 2 1 1.8281713015199998e+08 -1.9265915978193054e+08 4.9794837282046959e+07 -4.5297452477091379e+07 -1.3086310379130659e+00 -1.8535386061750074e+01 5.0649588243270594e-01 7.8793857439565818e+02 -3.5649066277034278e-02 2.1688392981446807e-02 -2.0884465959513177e-01 0
116 2 1 2.0008848915199998e+08 -4.2495385831378445e+07 1.3114405319080511e+08 -5.1278134758755695e+06 -2.9262955281996149e+01 5.1718823731690140e+00 -5.9176654547124761e+00 7.2600165246125982e+02 -1.1452539691205722e-01 -3.3376422600644814e-02 2.3770961461242477e-03 0
117 2 3 2.0008849015199998e+08 -4.2495415094332591e+07 1.3114405836268415e+08 -5.1278193935408834e+06 -2.9262953133849191e+01 5.1718757438232101e+00 -5.9176651955008159e+00 7.2600165246125982e+02 0.0000000000000000e+00 0.0000000000000000e+00 0.0000000000000000e+00 128
118 2 2 2.0008849115199998e+08 -4.2495444357284591e+07 1.3114406353455657e+08 -5.1278253112059375e+06 -2.9262950985701409e+01 5.1718691144791844e+00 -5.9176649362889373e+00 7.2600165246125982e+02 0.0000000000000000e+00 0.0000000000000000e+00 0.0000000000000000e+00 0
119 2 1 2.0009713115199998e+08 -4.2748195986801863e+07 1.3118850123585451e+08 -5.1789442376742810e+06 -2.9244360517958913e+01 5.1146579125724818e+00 -5.9154171733255643e+00 7.2600165246125982e+02 -5.1121719801782588e-02 1.2675348919362893e-02 7.2622213181435094e-02 0
120 2 1 2.1218449015199998e+08 -1.8150225927859813e+08 -2.6228703098877624e+07 -3.1929830174337342e+07 8.1858944282744499e+00 -1.8902530086250753e+01 1.9650893294492990e+00 6.9815741032167375e+02 -6.4677467629299545e-02 1.8977005808569463e-02 6.2059942832202050e-02 0
121 2 3 2.1218449115199998e+08 -1.8150225109270185e+08 -2.6228722001407403e+07 -3.1929828209247686e+07 8.1858981627435803e+00 -1.8902529546586287e+01 1.9650899864161306e+00 6.9815741032167375e+02 0.0000000000000000e+00 0.0000000000000000e+00 0.0000000000000000e+00 217
122 2 2 2.1218449215199998e+08 -1.8150224290680185e+08 -2.6228740903936643e+07 -3.1929826244157378e+07 8.1859018972128830e+00 -1.8902529006921387e+01 1.9650906433829813e+00 6.9815741032167375e+02 0.0000000000000000e+00 0.0000000000000000e+00 0.0000000000000000e+00 0
123 2 1 2.1219313215199998e+08 -1.8143137730759528e+08 -2.6392038564549718e+07 -3.1912823337750528e+07 8.2181741343975183e+00 -1.8897849939131859e+01 1.9707675633369413e+00 6.9815741032167375e+02 -2.7158247308141138e-02 9.4083667572354590e-02 -2.1388683883111374e-02 0
124 2 1 2.2687249115199998e+08 -8.3673780569254071e+07 1.1504878809019557e+08 -1.7432398251969904e+07 -2.9629970535321508e+01 -1.6572926775086081e+00 -5.2104605744175299e+00 6.4518225529912434e+02 -1.5271235847411516e-01 1.1337701083914244e-01 -2.6746423611693094e-02 0
125 2 3 2.2687249215199998e+08 -8.3673810199222654e+07 1.1504878643290031e+08 -1.7432403462430079e+07 -2.9629966763461788e+01 -1.6572978636948510e+00 -5.2104597885971868e+00 6.4518225529912434e+02 0.0000000000000000e+00 0.0000000000000000e+00 0.0000000000000000e+00 222
126 2 2 2.2687249315199998e+08 -8.3673839829187468e+07 1.1504878477559985e+08 -1.7432408672889464e+07 -2.9629962991602042e+01 -1.6573030498792169e+00 -5.2104590027768820e+00 6.4518225529912434e+02 0.0000000000000000e+00 0.0000000000000000e+00 0.0000000000000000e+00 0
127 2 1 2.2688113315199998e+08 -8.3929701922920316e+07 1.1503427230554768e+08 -1.7477397712203398e+07 -2.9597373228218558e+01 -1.7020417127324237e+00 -5.2036709453573167e+00 6.4518225529912434e+02 -6.1122181156448351e-05 -4.8873703903556553e-02 3.8896281480059712e-02 0
128 2 1 2.4674449215199998e+08 -5.4918663939141594e+07 -1.2791665198758508e+08 -6.7827066566886916e+05 3.0995774942966737e+01 3.2065249013107771e+00 5.3240914076429044e+00 6.1547691213441215e+02 -1.6751981944536714e-03 -4.3492964618053721e-02 3.3417872339122898e-02 0
129 2 3 2.4674449315199998e+08 -5.4918632943365365e+07 -1.2791664878105703e+08 -6.7826534157745540e+05 3.0995777644610783e+01 3.2065311939867125e+00 5.3240914410093252e+00 6.1547691213441215e+02 0.0000000000000000e+00 0.0000000000000000e+00 0.0000000000000000e+00 116
130 2 4 2.4674449415199998e+08 -5.4918601947586432e+07 -1.2791664557452270e+08 -6.7826001748600835e+05 3.0995780346254193e+01 3.2065374866645513e+00 5.3240914743754955e+00 6.1547691213441215e+02 0.0000000000000000e+00 0.0000000000000000e+00 0.0000000000000000e+00 0
131 3 0 0.0000000000000000e+00 -1.9500328647000000e+07 1.4581848347000000e+08 -7.6372048832000009e+03 -2.9389477846999998e+01 -4.3166912970000002e+00 -3.9417153392000008e+00 2.0000000000000000e+03 0.0000000000000000e+00 0.0000000000000000e+00 0.0000000000000000e+00 0
132 3 3 1.0008479152000001e+07 -1.1398611208996403e+08 -8.7213961217752039e+07 -1.6523817304393915e+07 1.8269315350462254e+01 -2.4357060498229725e+01 1.9760173753978221e+00 2.0000000000000000e+03 0.0000000000000000e+00 0.0000000000000000e+00 0.0000000000000000e+00 174
133 3 2 1.0008480152000001e+07 -1.1398609382064617e+08 -8.7213985574810639e+07 -1.6523815328376176e+07 1.8269320367101891e+01 -2.4357056659857641e+01 1.9760181026271046e+00 2.0000000000000000e+03 0.0000000000000000e+00 0.0000000000000000e+00 0.0000000000000000e+00 0
134 3 1 1.0017120152000001e+07 -1.1382805973481433e+08 -8.7424287163214460e+07 -1.6506715397742882e+07 1.8312633847600782e+01 -2.4323853317242087e+01 1.9822980778861683e+00 2.0000000000000000e+03 -2.5390994524307603e-01 -2.9776621227745259e-01 -2.4078068907153108e-01 0
135 3 1 2.9880479152000003e+07 -1.7002435075042337e+07 1.1725697299032746e+08 -6.4017909968172172e+06 -3.3788760963515173e+01 -8.9054452096935712e+00 -3.7960781102890091e+00 1.7753505720946694e+03 4.3585450171586427e-03 -2.0215349467020169e-01 -4.2194933846638805e-01 0
136 3 3 2.9880480151999999e+07 -1.7002468863802556e+07 1.1725696408487761e+08 -6.4017947928950666e+06 -3.3788759612832571e+01 -8.9054545246411045e+00 -3.7960776017276356e+00 1.7753505720946694e+03 0.0000000000000000e+00 0.0000000000000000e+00 0.0000000000000000e+00 291
137 3 2 2.9880481151999999e+07 -1.7002502652561430e+07 1.1725695517941844e+08 -6.4017985889724065e+06 -3.3788758262147148e+01 -8.9054638395888173e+00 -3.7960770931659122e+00 1.7753505720946694e+03 0.0000000000000000e+00 0.0000000000000000e+00 0.0000000000000000e+00 0
138 3 1 2.9889121151999999e+07 -1.7294386807421282e+07 1.1717966427451552e+08 -6.4345776754782489e+06 -3.3776983314262026e+01 -8.9859514781909731e+00 -3.7916700597300412e+00 1.7753505720946694e+03 1.4858994867177269e-01 -9.7182617636891427e-02 -4.5284180760440740e-01 0
139 3 1 4.9752480152000003e+07 1.5343560360707065e+08 2.2778876550026570e+07 6.3874237691484522e+06 -5.8660406826808256e+00 2.6445113320107527e+01 -1.8684359726100599e+00 1.5301739977201814e+03 6.6989862658573415e-02 6.5570629657223274e-04 -4.8322394382421752e-01 0
140 3 3 4.9752481152000003e+07 1.5343559774102730e+08 2.2778902995139435e+07 6.3874219007123699e+06 -5.8660461246215707e+00 2.6445112512202655e+01 -1.8684361991544631e+00 1.5301739977201814e+03 0.0000000000000000e+00 0.0000000000000000e+00 0.0000000000000000e+00 176
141 3 2 4.9752482152000003e+07 1.5343559187497845e+08 2.2778929440251492e+07 6.3874200322760604e+06 -5.8660515665623176e+00 2.6445111704296824e+01 -1.8684364256988089e+00 1.5301739977201814e+03 0.0000000000000000e+00 0.0000000000000000e+00 0.0000000000000000e+00 0
142 3 1 4.9761122152000003e+07 1.5338470606994134e+08 2.3007384946250916e+07 6.3712682920239186e+06 -5.9130699842282741e+00 2.6438095217171952e+01 -1.8703916200058153e+00 1.5301739977201814e+03 4.9369762693619493e-02 -2.0636837277678383e-01 -3.1493094690645158e-02 0
143 3 1 6.7032481152000003e+07 2.9626962366292458e+07 -1.3512060667304540e+08 1.0830434096721718e+07 3.1623261266479410e+01 -2.3319450665561372e+00 1.9616433411367837e+00 1.4046771367590186e+03 1.5008765801338159e-01 -3.0926176200017796e-01 1.3756429734746298e-01 0
144 3 3 6.7032482152000003e+07 2.9626993989552926e+07 -1.3512060900498709e+08 1.0830436058364786e+07 3.1623259794628808e+01 -2.3319383538449308e+00 1.9616428030872288e+00 1.4046771367590186e+03 0.0000000000000000e+00 0.0000000000000000e+00 0.0000000000000000e+00 37
145 3 2 6.7032483152000003e+07 2.9627025612811923e+07 -1.3512061133692211e+08 1.0830438020007316e+07 3.1623258322776923e+01 -2.3319316411349402e+00 1.9616422650376830e+00 1.4046771367590186e+03 0.0000000000000000e+00 0.0000000000000000e+00 0.0000000000000000e+00 0
146 3 1 6.7041123152000003e+07 2.9900195490774028e+07 -1.3514050880647373e+08 1.0847366527592959e+07 3.1610493843941200e+01 -2.2739792164671009e+00 1.9569938676633771e+00 1.4046771367590186e+03 -6.1844379166575203e-02 4.9400248724005849e-02 2.4061137523922202e-01 0
147 3 1 8.4312482151999995e+07 6.7228505374836043e+07 1.4130392727006903e+08 8.4790017286397163e+06 -2.7927053121492300e+01 5.1521173871459052e+00 -1.5862052950325978e+00 1.2976369219463090e+03 -9.9645629119374649e-02 3.9350016775346212e-02 2.0851962971178714e-01 0
148 3 3 8.4312483151999995e+07 6.7228477447781816e+07 1.4130393242218396e+08 8.4790001424342766e+06 -2.7927055439772083e+01 5.1521125144790165e+00 -1.5862055874189958e+00 1.2976369219463090e+03 0.0000000000000000e+00 0.0000000000000000e+00 0.0000000000000000e+00 79
149 3 2 8.4312484151999995e+07 6.7228449520725280e+07 1.4130393757429403e+08 8.4789985562285464e+06 -2.7927057758051237e+01 5.1521076418112584e+00 -1.5862058798053806e+00 1.2976369219463090e+03 0.0000000000000000e+00 0.0000000000000000e+00 0.0000000000000000e+00 0
150 3 1 8.4321124151999995e+07 6.6987073280581787e+07 1.4134826981942907e+08 8.4652828255820442e+06 -2.7947064006437230e+01 5.1099753130535586e+00 -1.5887316053220009e+00 1.2976369219463090e+03 -8.4398157287789488e-02 -4.1014542311306396e-01 -1.1586164685126830e-01 0
151 3 1 9.3816483151999995e+07 -8.3994770179355219e+07 -8.6167672294835865e+07 -9.7631638783008102e+06 2.0000574730024855e+01 -3.2920885958988073e+01 1.4774253415226068e-01 1.1940907649505209e+03 -4.4646927117577562e-02 -3.9568538070684139e-01 -1.3944220531731696e-01 0
152 3 3 9.3816484151999995e+07 -8.3994750178777367e+07 -8.6167705215718508e+07 -9.7631637305579074e+06 2.0000581064886596e+01 -3.2920879460244656e+01 1.4774327048739302e-01 1.1940907649505209e+03 0.0000000000000000e+00 0.0000000000000000e+00 0.0000000000000000e+00 198
153 3 2 9.3816485151999995e+07 -8.3994730178193167e+07 -8.6167738136594653e+07 -9.7631635828142706e+06 2.0000587399745324e+01 -3.2920872961500301e+01 1.4774400682233915e-01 1.1940907649505209e+03 0.0000000000000000e+00 0.0000000000000000e+00 0.0000000000000000e+00 0
154 3 1 9.3825125151999980e+07 -8.3821688979785785e+07 -8.6451931814219683e+07 -9.7618596110733971e+06 2.0055208073421376e+01 -3.2864688983444879e+01 1.5409898432278418e-01 1.1940907649505209e+03 -5.9524351158296157e-02 4.1960410670475273e-01 8.9043294572194134e-02 0
155 3 1 1.0591248415200000e+08 1.8997340244761980e+08 -9.8756538713543221e+07 1.2735518404605318e+07 1.1508077320901075e+01 1.8312846961039234e+01 1.8614987412089354e+00 1.0714135050330001e+03 -1.2165757910766534e-01 3.4594738621646254e-01 1.9889639855362719e-02 0
156 3 3 1.0591248515200000e+08 1.8997341395569584e+08 -9.8756520400695637e+07 1.2735520266103970e+07 1.1508074765860952e+01 1.8312848289261421e+01 1.8614985699230526e+00 1.0714135050330001e+03 0.0000000000000000e+00 0.0000000000000000e+00 0.0000000000000000e+00 203
157 3 2 1.0591248615200000e+08 1.8997342546376929e+08 -9.8756502087846711e+07 1.2735522127602451e+07 1.1508072210820741e+01 1.8312849617483327e+01 1.8614983986371496e+00 1.0714135050330001e+03 0.0000000000000000e+00 0.0000000000000000e+00 0.0000000000000000e+00 0
158 3 1 1.0592112615199998e+08 1.9007275983185920e+08 -9.8598229521751210e+07 1.2751599078345308e+07 1.1485993383938354e+01 1.8324314963792752e+01 1.8600177214174167e+00 1.0714135050330001e+03 8.7860429873817134e-02 -6.2441036971125685e-02 1.2605804613339384e-02 0
159 3 1 1.2578448515200000e+08 -7.3131310809903041e+07 1.0350985961030453e+08 -1.4353717899551983e+06 -2.3476029017909447e+01 -2.6391173395549643e+01 -3.3608333985786367e+00 1.0192123190859636e+03 9.2479499620122224e-02 -3.2924469124752463e-02 1.2396700119158563e-02 0
160 3 3 1.2578448615200000e+08 -7.3131334285929635e+07 1.0350983321912782e+08 -1.4353751507885435e+06 -2.3476024251266054e+01 -2.6391180142241872e+01 -3.3608333050220973e+00 1.0192123190859636e+03 0.0000000000000000e+00 0.0000000000000000e+00 0.0000000000000000e+00 211
161 3 2 1.2578448715200000e+08 -7.3131357761951447e+07 1.0350980682794435e+08 -1.4353785116217951e+06 -2.3476019484620231e+01 -2.6391186888933653e+01 -3.3608332114653212e+00 1.0192123190859636e+03 0.0000000000000000e+00 0.0000000000000000e+00 0.0000000000000000e+00 0
162 3 1 1.2579312715199998e+08 -7.3334012394929901e+07 1.0328153520263931e+08 -1.4644125931136138e+06 -2.3434744942813424e+01 -2.6449461497585677e+01 -3.3600160365284664e+00 1.0192123190859636e+03 8.2575402570631784e-02 5.2864486991862858e-02 1.0174096907564763e-01 0
163 3 1 1.4565648615199998e+08 1.9745308117664507e+08 4.7883688274835490e+07 2.4127532371467747e+07 -2.7313093646578781e+00 2.2994287720277448e+01 1.0953748383553972e+00 9.3122911698947621e+02 8.4007453695576231e-02 1.8648125390501305e-01 7.6124517950807644e-02 0
164 3 3 1.4565648715199998e+08 1.9745307844533417e+08 4.7883711269122794e+07 2.4127533466842394e+07 -2.7313124240462390e+00 2.2994286978355198e+01 1.0953744645172503e+00 9.3122911698947621e+02 0.0000000000000000e+00 0.0000000000000000e+00 0.0000000000000000e+00 273
165 3 2 1.4565648815199998e+08 1.9745307571402022e+08 4.7883734263409354e+07 2.4127534562216669e+07 -2.7313154834344284e+00 2.2994286236432622e+01 1.0953740906791025e+00 9.3122911698947621e+02 0.0000000000000000e+00 0.0000000000000000e+00 0.0000000000000000e+00 0
166 3 1 1.4566512815199998e+08 1.9742936297560760e+08 4.8082377169444986e+07 2.4136984640796140e+07 -2.7577422028354501e+00 2.2987863896711215e+01 1.0921440840714463e+00 9.3122911698947621e+02 8.3432598479545025e-02 -8.7749186556058692e-02 4.3341967861563364e-02 0
167 3 1 1.6293648715199998e+08 -1.0226379441661605e+08 9.5762654487984344e+07 -1.6090269821586988e+06 -1.3467808385846306e+01 -2.9834919190778589e+01 -3.2517100190316319e+00 8.6854059920403870e+02 6.5146471373446257e-02 -1.4142787199490908e-01 3.2065600336940905e-02 0
168 3 3 1.6293648815199998e+08 -1.0226380788442194e+08 9.5762624653062895e+07 -1.6090302338686725e+06 -1.3467803451594003e+01 -2.9834923811348325e+01 -3.2517099413956259e+00 8.6854059920403870e+02 0.0000000000000000e+00 0.0000000000000000e+00 0.0000000000000000e+00 21
169 3 2 1.6293648915199998e+08 -1.0226382135222290e+08 9.5762594818136841e+07 -1.6090334855785687e+06 -1.3467798517339938e+01 -2.9834928431917660e+01 -3.2517098637594453e+00 8.6854059920403870e+02 0.0000000000000000e+00 0.0000000000000000e+00 0.0000000000000000e+00 0
170 3 1 1.6294512915199998e+08 -1.0237999877186961e+08 9.5504648617618173e+07 -1.6371253422803390e+06 -1.3425100758582566e+01 -2.9874835219886290e+01 -3.2510325695698974e+00 8.6854059920403870e+02 -4.4375324274742761e-01 -2.8953871307119398e-02 -1.6587055214459792e-01 0
171 3 1 1.7503248815199998e+08 1.2254080984029318e+08 -9.8430570623145640e+07 -4.7426261339830607e+06 1.8503660241745038e+01 1.7538931897998758e+01 1.6645819319312027e+00 7.2458859620108205e+02 -3.6273761688767592e-01 8.3096402240735778e-02 -2.9030756547554526e-01 0
172 3 3 1.7503248915199998e+08 1.2254082834395131e+08 -9.8430553084212109e+07 -4.7426244694010504e+06 1.8503656059332872e+01 1.7538935257509344e+01 1.6645820938006424e+00 7.2458859620108205e+02 0.0000000000000000e+00 0.0000000000000000e+00 0.0000000000000000e+00 96
173 3 2 1.7503249015199998e+08 1.2254084684760524e+08 -9.8430535545275211e+07 -4.7426228048188789e+06 1.8503651876920344e+01 1.7538938617019120e+01 1.6645822556700154e+00 7.2458859620108205e+02 0.0000000000000000e+00 0.0000000000000000e+00 0.0000000000000000e+00 0
174 3 1 1.7504113015199998e+08 1.2270056225332159e+08 -9.8278873810303688e+07 -4.7282347796204090e+06 1.8467502367735147e+01 1.7567934330128267e+01 1.6659782961005254e+00 7.2458859620108205e+02 9.4177922668938568e-02 -1.5374175810708848e-01 1.7976495093712030e-02 0
175 3 1 1.8972048915199998e+08 -7.0035381242059425e+07 -1.2355295004303660e+06 -1.1594601633318976e+05 9.1290278904850725e-02 -5.1777286543390495e+01 -5.0919100505014461e+00 6.4589389343109804e+02 1.3340395067370924e-02 -2.3437816085390256e-01 8.4455050566392839e-02 0
176 3 3 1.8972049015199998e+08 -7.0035381150755614e+07 -1.2355812777165682e+06 -1.1595110824320780e+05 9.1317322980007845e-02 -5.1777286066282315e+01 -5.0919100057280531e+00 6.4589389343109804e+02 0.0000000000000000e+00 0.0000000000000000e+00 0.0000000000000000e+00 191
177 3 4 1.8972049115199998e+08 -7.0035381059424773e+07 -1.2356330550022935e+06 -1.1595620015318105e+05 9.1344367054167819e-02 -5.1777285589154168e+01 -5.0919099609526963e+00 6.4589389343109804e+02 0.0000000000000000e+00 0.0000000000000000e+00 0.0000000000000000e+00 0
178 4 0 0.0000000000000000e+00 -1.9500328647000000e+07 1.4581848347000000e+08 -7.6372048832000009e+03 -2.9389477846999998e+01 -4.3166912970000002e+00 -3.9417153392000008e+00 2.0000000000000000e+03 0.0000000000000000e+00 0.0000000000000000e+00 0.0000000000000000e+00 0
179 4 3 1.0008479152000001e+07 -1.1398611208996403e+08 -8.7213961217752039e+07 -1.6523817304393915e+07 1.8269315350462254e+01 -2.4357060498229725e+01 1.9760173753978221e+00 2.0000000000000000e+03 0.0000000000000000e+00 0.0000000000000000e+00 0.0000000000000000e+00 174
180 4 2 1.0008480152000001e+07 -1.1398609382064617e+08 -8.7213985574810639e+07 -1.6523815328376176e+07 1.8269320367101891e+01 -2.4357056659857641e+01 1.9760181026271046e+00 2.0000000000000000e+03 0.0000000000000000e+00 0.0000000000000000e+00 0.0000000000000000e+00 0
181 4 1 1.0017120152000001e+07 -1.1382805973481433e+08 -8.7424287163214460e+07 -1.6506715397742882e+07 1.8312633847600782e+01 -2.4323853317242087e+01 1.9822980778861683e+00 2.0000000000000000e+03 -3.4462607859243932e-02 2.9112410864637141e-02 -1.1764444120617548e-01 0
182 4 1 4.6296479152000010e+07 4.4481430524016179e+07 -1.3844423791098759e+08 6.9237125148927020e+06 2.8423286898804086e+01 9.5696719914982218e+00 3.7635859928263624e+00 1.8809066074862867e+03 2.9564241499570174e-04 1.5505742836451340e-02 2.9185980162000297e-01 0
183 4 3 4.6296480152000003e+07 4.4481458947302066e+07 -1.3844422834131265e+08 6.9237162784785395e+06 2.8423284985467681e+01 9.5696779465743838e+00 3.7635856950079156e+00 1.8809066074862867e+03 0.0000000000000000e+00 0.0000000000000000e+00 0.0000000000000000e+00 172
184 4 2 4.6296481152000003e+07 4.4481487370586038e+07 -1.3844421877163175e+08 6.9237200420640782e+06 2.8423283072130047e+01 9.5696839016501638e+00 3.7635853971893045e+00 1.8809066074862867e+03 0.0000000000000000e+00 0.0000000000000000e+00 0.0000000000000000e+00 0
185 4 1 4.6305121152000003e+07 4.4726992988949016e+07 -1.3836131447189894e+08 6.9562262863167338e+06 2.8406705854925558e+01 9.6211214480699958e+00 3.7610061481820183e+00 1.8809066074862867e+03 3.1907609768798634e-01 -1.1109501563952236e-01 2.5765992986301478e-01 0
186 4 1 6.3576480152000003e+07 -6.8228547063181579e+07 1.3495412661990881e+08 -2.5700996655060491e+06 -2.3064736790402382e+01 -1.5305939043397494e+01 -2.8942901078405225e+00 1.6949289321316255e+03 2.8269969955383417e-01 -6.8839712778224843e-02 3.0567479620087246e-01 0
187 4 3 6.3576481152000003e+07 -6.8228570127917007e+07 1.3495411131396720e+08 -2.5701025597961019e+06 -2.3064734173096262e+01 -1.5305944220353423e+01 -2.8942900092492363e+00 1.6949289321316255e+03 0.0000000000000000e+00 0.0000000000000000e+00 0.0000000000000000e+00 175
188 4 2 6.3576482152000003e+07 -6.8228593192649826e+07 1.3495409600802040e+08 -2.5701054540860564e+06 -2.3064731555789098e+01 -1.5305949397309094e+01 -2.8942899106578324e+00 1.6949289321316255e+03 0.0000000000000000e+00 0.0000000000000000e+00 0.0000000000000000e+00 0
189 4 1 6.3585122152000003e+07 -6.8427774669803098e+07 1.3482165940419149e+08 -2.5951084263963029e+06 -2.3042078778581750e+01 -1.5350668637899041e+01 -2.8934337011935205e+00 1.6949289321316255e+03 1.2685286847954866e-01 -1.0352966676042345e-03 3.6769115552093484e-01 0
190 4 1 8.3448481152000010e+07 1.0642428011582789e+08 1.2154415627169396e+08 7.1495983614693554e+06 -1.6444177013071190e+01 2.0500314896743468e+01 -2.1992094626048351e+00 1.5747137652638962e+03 1.2773895587057532e-01 5.6652350645696806e-02 -3.7362971038455378e-01 0
191 4 3 8.3448482151999995e+07 1.0642426367164925e+08 1.2154417677200690e+08 7.1495961622597855e+06 -1.6444180353014772e+01 2.0500311082287876e+01 -2.1992096869827056e+00 1.5747137652638962e+03 0.0000000000000000e+00 0.0000000000000000e+00 0.0000000000000000e+00 180
192 4 2 8.3448483151999995e+07 1.0642424722746725e+08 1.2154419727231604e+08 7.1495939630499911e+06 -1.6444183692957559e+01 2.0500307267831957e+01 -2.1992099113604886e+00 1.5747137652638962e+03 0.0000000000000000e+00 0.0000000000000000e+00 0.0000000000000000e+00 0
193 4 1 8.3457123151999995e+07 1.0628204490303682e+08 1.2172117751831713e+08 7.1305844239869891e+06 -1.6473011158635096e+01 2.0467338223996020e+01 -2.2011452625947103e+00 1.5747137652638962e+03 -4.8496208195068169e-02 -1.4214385454930914e-01 4.9091338805905806e-02 0
194 4 1 1.0072848215200000e+08 -4.5874257382347852e+07 -1.0262804805547993e+08 1.6646961373069042e+06 3.5046922308882380e+01 -1.5415408208300109e+01 3.5591488887743665e+00 1.4815134514962867e+03 4.2139051673452284e-02 -1.8189859366223296e-01 2.1087449055112495e-01 0
195 4 3 1.0072848315200000e+08 -4.5874222335423462e+07 -1.0262806347088331e+08 1.6646996964557080e+06 3.5046926593120141e+01 -1.5415398623770905e+01 3.5591487333066860e+00 1.4815134514962867e+03 0.0000000000000000e+00 0.0000000000000000e+00 0.0000000000000000e+00 18
196 4 2 1.0072848415200000e+08 -4.5874187288494796e+07 -1.0262807888627711e+08 1.6647032556043563e+06 3.5046930877354647e+01 -1.5415389039240216e+01 3.5591485778386716e+00 1.4815134514962867e+03 0.0000000000000000e+00 0.0000000000000000e+00 0.0000000000000000e+00 0
197 4 1 1.0073712415200000e+08 -4.5571222247427262e+07 -1.0276090994762705e+08 1.6954484606942767e+06 3.5083825154794411e+01 -1.5332523441446549e+01 3.5577929014843175e+00 1.4815134514962867e+03 -2.3231325916770099e-01 -1.9718202313085739e-01 -6.3814603994264085e-02 0
198 4 1 1.1023248315200000e+08 1.5164309402738059e+08 5.0494812929957680e+07 8.2507125578756928e+06 -5.2519411224528048e+00 2.5371499311781349e+01 -1.8888854570931148e+00 1.4070728842053945e+03 -2.5492932466232371e-01 -1.5590303300284802e-01 -6.0610772248104162e-02 0
199 4 3 1.1023248415200000e+08 1.5164308877543703e+08 5.0494838301456124e+07 8.2507106689901063e+06 -5.2519460319010003e+00 2.5371497677010339e+01 -1.8888857242100723e+00 1.4070728842053945e+03 0.0000000000000000e+00 0.0000000000000000e+00 0.0000000000000000e+00 69
200 4 2 1.1023248515200000e+08 1.5164308352348855e+08 5.0494863672952928e+07 8.2507087801042525e+06 -5.2519509413487562e+00 2.5371496042238590e+01 -1.8888859913269542e+00 1.4070728842053945e+03 0.0000000000000000e+00 0.0000000000000000e+00 0.0000000000000000e+00 0
201 4 1 1.1024112515199998e+08 1.5159752347048917e+08 5.0714012302598625e+07 8.2343788432067838e+06 -5.2943521502097637e+00 2.5357344316497205e+01 -1.8911910509848278e+00 1.4070728842053945e+03 -5.0608927726169149e-03 -6.4865462240827190e-02 -2.1436806305774919e-01 0
202 4 1 1.3269648415200000e+08 1.2478397105962837e+08 -6.9723098305221260e+07 1.9201211946455117e+07 2.0313015856296062e+01 2.1550411211924683e+01 7.2589889739481295e-01 1.3398832639965899e+03 1.1541577577190596e-02 -6.6748799973350439e-02 8.3841741128108174e-02 0
203 4 3 1.3269648515200000e+08 1.2478399137264143e+08 -6.9723076754808560e+07 1.9201212672353588e+07 2.0313010336246506e+01 2.1550414296254054e+01 7.2589804799377211e-01 1.3398832639965899e+03 0.0000000000000000e+00 0.0000000000000000e+00 0.0000000000000000e+00 33
204 4 2 1.3269648615200000e+08 1.2478401168564895e+08 -6.9723055204392761e+07 1.9201213398251209e+07 2.0313004816196887e+01 2.1550417380582008e+01 7.2589719859282742e-01 1.3398832639965899e+03 0.0000000000000000e+00 0.0000000000000000e+00 0.0000000000000000e+00 0
205 4 1 1.3270512615199998e+08 1.2495931000550634e+08 -6.9536744628760636e+07 1.9207453456654690e+07 2.0265309162223080e+01 2.1577013047373171e+01 7.1856196061299682e-01 1.3398832639965899e+03 -7.0282587523088622e-02 1.3657575134909308e-01 1.7327865282076316e-01 0
206 4 1 1.4738448515200001e+08 -3.4425084261025041e+07 1.5171942765307665e+08 -6.5127228128109109e+06 -2.5978599900990105e+01 -1.0631400932155582e+01 -1.7967412271273928e+00 1.2585089211665879e+03 -2.1791718080596500e-02 1.5733983700609355e-01 1.3165805585562707e-01 0
207 4 3 1.4738448615199998e+08 -3.4425110239624284e+07 1.5171941702167305e+08 -6.5127246095520193e+06 -2.5978598690896476e+01 -1.0631406265320063e+01 -1.7967409981954192e+00 1.2585089211665879e+03 0.0000000000000000e+00 0.0000000000000000e+00 0.0000000000000000e+00 119
208 4 2 1.4738448715199998e+08 -3.4425136218222313e+07 1.5171940639026415e+08 -6.5127264062928995e+06 -2.5978597480801831e+01 -1.0631411598484638e+01 -1.7967407692633623e+00 1.2585089211665879e+03 0.0000000000000000e+00 0.0000000000000000e+00 0.0000000000000000e+00 0
209 4 1 1.4739312715199998e+08 -3.4649546024321616e+07 1.5162735192480776e+08 -6.5282416927508749e+06 -2.5968104207988773e+01 -1.0677493589214684e+01 -1.7947596902912608e+00 1.2585089211665879e+03 -1.0218577920964651e-01 8.9894420652347040e-02 5.6709035167528399e-03 0
210 4 1 1.6725648615199998e+08 1.4464210111761987e+08 3.3170520165522628e+07 7.0411565933891553e+06 -5.3812461694580715e+00 2.8059424320983958e+01 -1.5196439282265830e+00 1.1757792384667032e+03 -1.0176991389960674e-01 3.8509723475557138e-02 -1.9863243780939172e-01 0
211 4 3 1.6725648715199998e+08 1.4464209573637077e+08 3.3170548224946219e+07 7.0411550737450868e+06 -5.3812520236568080e+00 2.8059422978450208e+01 -1.5196442132081065e+00 1.1757792384667032e+03 0.0000000000000000e+00 0.0000000000000000e+00 0.0000000000000000e+00 77
212 4 2 1.6725648815199998e+08 1.4464209035511583e+08 3.3170576284368474e+07 7.0411535541007342e+06 -5.3812578778552140e+00 2.8059421635915346e+01 -1.5196444981895632e+00 1.1757792384667032e+03 0.0000000000000000e+00 0.0000000000000000e+00 0.0000000000000000e+00 0
213 4 1 1.6726512815199998e+08 1.4459537781584290e+08 3.3412959458156165e+07 7.0280131959647210e+06 -5.4318257954024256e+00 2.8047780715350836e+01 -1.5221042364934567e+00 1.1757792384667032e+03 -6.9055787835529764e-02 -4.2288801571040109e-04 4.8573072298946807e-02 0
214 4 1 1.8453648715199998e+08 -8.3584279673525468e+07 -1.0642390893130292e+08 1.9565874434572523e+06 2.3879227891507728e+01 -2.1027188498791624e+01 2.1697564931289866e+00 1.1266418653031922e+03 -1.0221711368298687e-01 2.1849570612858124e-02 9.2382813646212300e-02 0
215 4 3 1.8453648815199998e+08 -8.3584255794295385e+07 -1.0642392995848851e+08 1.9565896132136888e+06 2.3879232366402231e+01 -2.1027182801118787e+01 2.1697563883780866e+00 1.1266418653031922e+03 0.0000000000000000e+00 0.0000000000000000e+00 0.0000000000000000e+00 195
216 4 2 1.8453648915199998e+08 -8.3584231915060833e+07 -1.0642395098566842e+08 1.9565917829700205e+06 2.3879236841295270e+01 -2.1027177103445055e+01 2.1697562836270752e+00 1.1266418653031922e+03 0.0000000000000000e+00 0.0000000000000000e+00 0.0000000000000000e+00 0
217 4 1 1.8454512915199998e+08 -8.3377748441142946e+07 -1.0660541303506561e+08 1.9753345554183226e+06 2.3917845444533249e+01 -2.0977915797497854e+01 2.1688470578817558e+00 1.1266418653031922e+03 3.3241046301382894e-02 -1.9433770141993159e-01 -7.4836920959555409e-02 0
218 4 1 1.9922448815199998e+08 1.3804170349502051e+08 7.8655592871507421e+07 -1.7062672288758338e+06 -1.4753480291284394e+01 2.1071938439210751e+01 -1.8843713646596101e+00 1.0296093751334465e+03 1.7425597889167149e-01 -2.6355260586210233e-01 -3.1214977049150602e-02 0
219 4 3 1.9922448915199998e+08 1.3804168874153799e+08 7.8655613943444505e+07 -1.7062691132471666e+06 -1.4753484858543263e+01 2.1071935836805011e+01 -1.8843713082058815e+00 1.0296093751334465e+03 0.0000000000000000e+00 0.0000000000000000e+00 0.0000000000000000e+00 239
220 4 2 1.9922449015199998e+08 1.3804167398805088e+08 7.8655635015378997e+07 -1.7062709976184426e+06 -1.4753489425801847e+01 2.1071933234398461e+01 -1.8843712517520881e+00 1.0296093751334465e+03 0.0000000000000000e+00 0.0000000000000000e+00 0.0000000000000000e+00 0
221 4 1 1.9923313015199998e+08 1.3791403339796206e+08 7.8837599296753272e+07 -1.7225498511315549e+06 -1.4792939925972926e+01 2.1049418072186050e+01 -1.8838810689463144e+00 1.0296093751334465e+03 -1.2161909056426626e-01 -7.1451514006576969e-02 2.3120290288578632e-01 0
222 4 1 2.0872848915199998e+08 -1.0020079778906780e+08 3.0958290360039748e+07 4.1088963046229037e+05 -9.6807779131886615e+00 -3.8656553940922201e+01 2.4640408151947759e+00 9.6798413851038492e+02 -9.4573629112398083e-02 -1.3075701270867271e-01 1.8065998437097289e-01 0
223 4 3 2.0872849015199998e+08 -1.0020080746983993e+08 3.0958251703484107e+07 4.1089209450307710e+05 -9.6807663848743033e+00 -3.8656557502736788e+01 2.4640407679209129e+00 9.6798413851038492e+02 0.0000000000000000e+00 0.0000000000000000e+00 0.0000000000000000e+00 267
224 4 2 2.0872849115199998e+08 -1.0020081715060052e+08 3.0958213046924900e+07 4.1089455854381644e+05 -9.6807548565581225e+00 -3.8656561064547148e+01 2.4640407206467634e+00 9.6798413851038492e+02 0.0000000000000000e+00 0.0000000000000000e+00 0.0000000000000000e+00 0
225 4 1 2.0873713115199998e+08 -1.0028402838491116e+08 3.0624087870354421e+07 4.3218207507371297e+05 -9.5810823659287117e+00 -3.8687177134983656e+01 2.4636215780850734e+00 9.6798413851038492e+02 -1.2993467350061666e-01 2.0251492373822795e-02 3.5418998288976829e-02 0
226 4 1 2.2341649015199998e+08 1.6328817592475176e+08 -1.4641115293127488e+07 -9.7510467745159403e+05 -4.1116752512041305e-01 2.4682102207053685e+01 -1.3002221915080621e+00 9.1674156838022191e+02 -1.2820275950816412e-01 3.8176508835541689e-02 3.4188193554957648e-02 0
227 4 3 2.2341649115199998e+08 1.6328817551358175e+08 -1.4641090611025110e+07 -9.7510597767376830e+05 -4.1117244282775411e-01 2.4682102647995958e+01 -1.3002221621410694e+00 9.1674156838022191e+02 0.0000000000000000e+00 0.0000000000000000e+00 0.0000000000000000e+00 12
228 4 2 2.2341649215199998e+08 1.6328817510240686e+08 -1.4641065928922290e+07 -9.7510727789591323e+05 -4.1117736053531734e-01 2.4682103088937509e+01 -1.3002221327740364e+00 9.1674156838022191e+02 0.0000000000000000e+00 0.0000000000000000e+00 0.0000000000000000e+00 0
229 4 1 2.2342513215199998e+08 1.6328443895368367e+08 -1.4427796177855028e+07 -9.8634009664294508e+05 -4.5367464335955748e-01 2.4685885852642812e+01 -1.2999668871926597e+00 9.1674156838022191e+02 3.2303054602880028e-02 5.9742477187470999e-02 5.1989011021818833e-02 0
230 4 1 2.4588049115199998e+08 1.2344753365551054e+08 -9.0755036987519071e+07 9.7626309649438027e+05 1.6143730834110780e+01 2.0807773482448315e+01 -1.4018619253253888e+00 8.7232293882290412e+02 -2.4508557512904813e-02 7.7186897810958069e-02 -6.2099077902835129e-02 0
231 4 3 2.4588049215199998e+08 1.2344754979923908e+08 -9.0755016179743960e+07 9.7626169463243976e+05 1.6143726279640717e+01 2.0807776830761661e+01 -1.4018619613435856e+00 8.7232293882290412e+02 0.0000000000000000e+00 0.0000000000000000e+00 0.0000000000000000e+00 183
232 4 2 2.4588049315199998e+08 1.2344756594296306e+08 -9.0754995371965498e+07 9.7626029277046316e+05 1.6143721725170117e+01 2.0807780179074200e+01 -1.4018619973617303e+00 8.7232293882290412e+02 0.0000000000000000e+00 0.0000000000000000e+00 0.0000000000000000e+00 0
233 4 1 2.4588913315199998e+08 1.2358687764639993e+08 -9.0575091263409808e+07 9.6414686635471648e+05 1.6104351115031665e+01 2.0836679292302517e+01 -1.4021712458311275e+00 8.7232293882290412e+02 -3.2411277436828485e-02 9.4170094039330646e-02 3.5850013421551932e-02 0
234 4 1 2.5797649215199998e+08 -6.3104698945581213e+07 9.4172281860941619e+07 -1.2986090387388975e+06 -3.0029900015433405e+01 -2.0986058755252881e+01 1.7011453894640083e+00 8.3788190972130133e+02 1.3386017639728085e-02 1.1615153942421132e-01 3.1899983574405072e-02 0
235 4 3 2.5797649315199998e+08 -6.3104728975478292e+07 9.4172260874878615e+07 -1.2986073375934525e+06 -3.0029894267632070e+01 -2.0986067332797610e+01 1.7011455077458510e+00 8.3788190972130133e+02 0.0000000000000000e+00 0.0000000000000000e+00 0.0000000000000000e+00 237
236 4 2 2.5797649415199998e+08 -6.3104759005369626e+07 9.4172239888807043e+07 -1.2986056364478890e+06 -3.0029888519827892e+01 -2.0986075910340599e+01 1.7011456260275415e+00 8.3788190972130133e+02 0.0000000000000000e+00 0.0000000000000000e+00 0.0000000000000000e+00 0
237 4 1 2.5798513415199998e+08 -6.3364002400571190e+07 9.3990600225683510e+07 -1.2839033398146688e+06 -2.9980121276454835e+01 -2.1060120638607213e+01 1.7021618795563249e+00 8.3788190972130133e+02 3.2635569944964866e-02 1.4315516672318951e-02 3.5052200811136275e-02 0
238 4 1 2.7525649315199995e+08 1.4473623673904112e+08 -1.2708905179475792e+07 -1.5239977680493041e+06 4.4830892161761143e-01 2.9177144439828478e+01 -9.7630320961820150e-01 8.0699041217402612e+02 4.0471210722036362e-02 5.9086553660944945e-02 5.8208975226740275e-02 0
239 4 3 2.7525649415199995e+08 1.4473623718734691e+08 -1.2708876002331136e+07 -1.5239987443524790e+06 4.4830266006570868e-01 2.9177144989638112e+01 -9.7630314368727511e-01 8.0699041217402612e+02 0.0000000000000000e+00 0.0000000000000000e+00 0.0000000000000000e+00 276
240 4 2 2.7525649515199995e+08 1.4473623763564643e+08 -1.2708846825185930e+07 -1.5239997206555877e+06 4.4829639851351571e-01 2.9177145539446506e+01 -9.7630307775630354e-01 8.0699041217402612e+02 0.0000000000000000e+00 0.0000000000000000e+00 0.0000000000000000e+00 0
241 4 1 2.7526513515199995e+08 1.4473987717418382e+08 -1.2456735899419311e+07 -1.5324325135390230e+06 3.9418577319439846e-01 2.9181849639357964e+01 -9.7573175086852393e-01 8.0699041217402612e+02 1.9741514505251559e-01 -1.6660212166949715e-02 -8.0995021989739333e-02 0
242 4 1 2.8735249415199995e+08 -1.1047324120033002e+08 3.2526773191471152e+07 -2.1833641343010948e+06 -6.9689539279685491e+00 -3.3681709809186763e+01 1.3794660202504667e+00 7.4133887738491615e+02 1.9806200246420827e-01 7.4479566987081691e-02 -5.6386281979630970e-02 0
243 4 3 2.8735249515199995e+08 -1.1047324816927914e+08 3.2526739509759996e+07 -2.1833627548349821e+06 -6.9689443338518444e+00 -3.3681712633992873e+01 1.3794662098660044e+00 7.4133887738491615e+02 0.0000000000000000e+00 0.0000000000000000e+00 0.0000000000000000e+00 61
244 4 2 2.8735249615199995e+08 -1.1047325513821866e+08 3.2526705828046016e+07 -2.1833613753686803e+06 -6.9689347397338199e+00 -3.3681715458796262e+01 1.3794663994814367e+00 7.4133887738491615e+02 0.0000000000000000e+00 0.0000000000000000e+00 0.0000000000000000e+00 0
245 4 1 2.8736113615199995e+08 -1.1053310849426661e+08 3.2235590663334981e+07 -2.1714357196920258e+06 -6.8859924273120523e+00 -3.3706020333104540e+01 1.3811007271946636e+00 7.4133887738491615e+02 -5.1932121757950478e-02 8.0769922737255931e-02 -4.3136612388919400e-03 0
246 4 1 3.0722449515199995e+08 -1.1419466233679157e+08 5.1230328054144591e+07 -2.9836219439166086e+06 -1.6000349158913167e+01 -2.8217274717985269e+01 1.0833919120735993e+00 6.6801129107224654e+02 -1.8489560078767212e-01 7.9376762257738070e-02 -3.9456753585258367e-03 0
247 4 3 3.0722449615199995e+08 -1.1419467833713685e+08 5.1230299836868197e+07 -2.9836208605245976e+06 -1.6000341435787238e+01 -2.8217278182754374e+01 1.0833921138595823e+00 6.6801129107224654e+02 0.0000000000000000e+00 0.0000000000000000e+00 0.0000000000000000e+00 153
248 4 4 3.0722449715199995e+08 -1.1419469433747441e+08 5.1230271619588338e+07 -2.9836197771323854e+06 -1.6000333712660787e+01 -2.8217281647521322e+01 1.0833923156454774e+00 6.6801129107224654e+02 0.0000000000000000e+00 0.0000000000000000e+00 0.0000000000000000e+00 0
249 5 0 0.0000000000000000e+00 -1.9500328647000000e+07 1.4581848347000000e+08 -7.6372048832000009e+03 -2.9389477846999998e+01 -4.3166912970000002e+00 -3.9417153392000008e+00 2.0000000000000000e+03 0.0000000000000000e+00 0.0000000000000000e+00 0.0000000000000000e+00 0
250 5 3 1.0008479152000001e+07 -1.1398611208996403e+08 -8.7213961217752039e+07 -1.6523817304393915e+07 1.8269315350462254e+01 -2.4357060498229725e+01 1.9760173753978221e+00 2.0000000000000000e+03 0.0000000000000000e+00 0.0000000000000000e+00 0.0000000000000000e+00 174
251 5 2 1.0008480152000001e+07 -1.1398609382064617e+08 -8.7213985574810639e+07 -1.6523815328376176e+07 1.8269320367101891e+01 -2.4357056659857641e+01 1.9760181026271046e+00 2.0000000000000000e+03 0.0000000000000000e+00 0.0000000000000000e+00 0.0000000000000000e+00 0
252 5 1 1.0017120152000001e+07 -1.1382805973481433e+08 -8.7424287163214460e+07 -1.6506715397742882e+07 1.8312633847600782e+01 -2.4323853317242087e+01 1.9822980778861683e+00 2.0000000000000000e+03 -1.1872541081891987e-01 4.2622950368155882e-01 -4.9526872426048828e-02 0
253 5 1 2.7288479152000003e+07 1.9301041266045868e+07 1.4208369092308646e+08 1.2951011747741071e+06 -3.0397744030121117e+01 8.3138246206629596e+00 -4.0645554347257891e+00 1.8132443837317401e+03 -5.7453826601376955e-02 3.0761503707847659e-01 -3.0148882828740486e-01 0
254 5 3 2.7288480151999999e+07 1.9301010868301466e+07 1.4208369923690787e+08 1.2950971102186514e+06 -3.0397744898870538e+01 8.3138182254004889e+00 -4.0645554930188883e+00 1.8132443837317401e+03 0.0000000000000000e+00 0.0000000000000000e+00 0.0000000000000000e+00 297
255 5 2 2.7288481151999999e+07 1.9300980470556196e+07 1.4208370755072290e+08 1.2950930456631372e+06 -3.0397745767618520e+01 8.3138118301381940e+00 -4.0645555513117992e+00 1.8132443837317401e+03 0.0000000000000000e+00 0.0000000000000000e+00 0.0000000000000000e+00 0
256 5 1 2.7297121151999999e+07 1.9038311676367026e+07 1.4215530020201391e+08 1.2599731301301434e+06 -3.0405197908667965e+01 8.2585633579969819e+00 -4.0650521888010234e+00 1.8132443837317401e+03 1.7545966726826120e-02 1.6126801753744702e-01 -7.4754333505519133e-02 0
257 5 1 4.7160480152000003e+07 -3.0286291763791151e+07 -1.5190213151098663e+08 -6.1655343849098329e+06 2.8326807995072983e+01 1.1390308486472349e+00 3.7412385319915962e+00 1.7263806315321256e+03 1.2293940197580615e-03 1.4744993340512752e-01 -7.3423395463864616e-02 0
258 5 3 4.7160481152000003e+07 -3.0286263436982669e+07 -1.5190213037195307e+08 -6.1655306436711978e+06 2.8326809074118149e+01 1.1390362606447779e+00 3.7412387516583423e+00 1.7263806315321256e+03 0.0000000000000000e+00 0.0000000000000000e+00 0.0000000000000000e+00 199
259 5 2 4.7160482152000003e+07 -3.0286235110173114e+07 -1.5190212923291409e+08 -6.1655269024323439e+06 2.8326810153162448e+01 1.1390416726429922e+00 3.7412389713249836e+00 1.7263806315321256e+03 0.0000000000000000e+00 0.0000000000000000e+00 0.0000000000000000e+00 0
260 5 1 4.7169122152000003e+07 -3.0041451288640134e+07 -1.5189208583891243e+08 -6.1331944099380393e+06 2.8336100693679775e+01 1.1858264042653026e+00 3.7431329905793742e+00 1.7263806315321256e+03 1.0953276953433022e-01 -2.7957609278309137e-02 7.0128478987420062e-03 0
261 5 1 6.9624481152000010e+07 -1.7952859771377742e+08 -8.1027936263802014e+06 -1.5764223297228688e+07 1.3478442983836691e+00 -2.3659170933622740e+01 8.0890937058378398e-01 1.6019914978668778e+03 8.8396627660558662e-03 1.1587108299098314e-02 3.8444683959550746e-01 0
262 5 3 6.9624482151999995e+07 -1.7952859636593109e+08 -8.1028172855509976e+06 -1.5764222488319140e+07 1.3478483565065651e+00 -2.3659170750464288e+01 8.0890972692341401e-01 1.6019914978668778e+03 0.0000000000000000e+00 0.0000000000000000e+00 0.0000000000000000e+00 74
263 5 2 6.9624483151999995e+07 -1.7952859501808071e+08 -8.1028409447216084e+06 -1.5764221679409238e+07 1.3478524146294542e+00 -2.3659170567305296e+01 8.0891008326302793e-01 1.6019914978668778e+03 0.0000000000000000e+00 0.0000000000000000e+00 0.0000000000000000e+00 0
264 5 1 6.9633123151999995e+07 -1.7951679810533997e+08 -8.3072492844364187e+06 -1.5757219397728898e+07 1.3829143363083549e+00 -2.3657568069765407e+01 8.1198825197831848e-01 1.6019914978668778e+03 9.5151171292547382e-02 -3.6976797470102846e-01 -1.5109599053748785e-01 0
265 5 1 8.1720482151999995e+07 7.3570841025359616e+07 -1.2257654688811421e+08 6.2844705823813686e+06 2.6168787589785072e+01 1.7941773369955939e+01 1.6946685744038694e+00 1.4825162504680720e+03 6.2226182201207620e-03 -3.6926405775680587e-01 -4.6706610738049756e-02 0
266 5 3 8.1720483151999995e+07 7.3570867194145486e+07 -1.2257652894633809e+08 6.2844722770497976e+06 2.6168784257727946e+01 1.7941778921502561e+01 1.6946682897773273e+00 1.4825162504680720e+03 0.0000000000000000e+00 0.0000000000000000e+00 0.0000000000000000e+00 181
267 5 2 8.1720484151999995e+07 7.3570893362928033e+07 -1.2257651100455643e+08 6.2844739717179416e+06 2.6168780925669509e+01 1.7941784473048582e+01 1.6946680051506977e+00 1.4825162504680720e+03 0.0000000000000000e+00 0.0000000000000000e+00 0.0000000000000000e+00 0
268 5 1 8.1729124151999995e+07 7.3796867120486096e+07 -1.2242128684078749e+08 6.2991052702201214e+06 2.6139942909643736e+01 1.7989727452896247e+01 1.6922055571146633e+00 1.4825162504680720e+03 -2.2771695311815984e-02 -5.9381269974142052e-02 3.4251446459147662e-02 0
269 5 1 1.0159248315200000e+08 -1.5784054393156326e+08 3.3861418003149226e+07 -7.1429405085633919e+06 -5.9855143043214412e+00 -2.7806670047019132e+01 8.9709540139374350e-02 1.4014861664061930e+03 -7.5491136130667366e-02 -1.7126128922386422e-01 1.6400419636853381e-01 0
270 5 3 1.0159248415200000e+08 -1.5784054991707507e+08 3.3861390196478702e+07 -7.1429404188537393e+06 -5.9855093396718315e+00 -2.7806671112081375e+01 8.9709764810393791e-02 1.4014861664061930e+03 0.0000000000000000e+00 0.0000000000000000e+00 0.0000000000000000e+00 9
271 5 2 1.0159248515200000e+08 -1.5784055590258193e+08 3.3861362389807113e+07 -7.1429403291438622e+06 -5.9855043750220345e+00 -2.7806672177142737e+01 8.9709989481410346e-02 1.4014861664061930e+03 0.0000000000000000e+00 0.0000000000000000e+00 0.0000000000000000e+00 0
272 5 1 1.0160112515199998e+08 -1.5789208533577037e+08 3.3621073083068907e+07 -7.1421568493459644e+06 -5.9426028430976219e+00 -2.7815841643602909e+01 9.1651038561092607e-02 1.4014861664061930e+03 -2.5525258159514425e-02 1.4344779995207505e-02 8.3903796825799945e-02 0
273 5 1 1.2405648415200000e+08 8.6806568706174180e+07 1.1746077783619954e+08 3.4801211652015015e+06 -2.4798067844422100e+01 1.9548019551704026e+01 -1.7348464287784249e+00 1.3259713053471792e+03 -1.3212147503791385e-01 1.4263706412429564e-01 3.6906455056399806e-02 0
274 5 3 1.2405648515200000e+08 8.6806543908104539e+07 1.1746079738421655e+08 3.4801194303550026e+06 -2.4798071538741038e+01 1.9548014552800364e+01 -1.7348465768856056e+00 1.3259713053471792e+03 0.0000000000000000e+00 0.0000000000000000e+00 0.0000000000000000e+00 286
275 5 2 1.2405648615200000e+08 8.6806519110031202e+07 1.1746081693222857e+08 3.4801176955083548e+06 -2.4798075233058853e+01 1.9548009553895966e+01 -1.7348467249927095e+00 1.3259713053471792e+03 0.0000000000000000e+00 0.0000000000000000e+00 0.0000000000000000e+00 0
276 5 1 1.2406512615199998e+08 8.6592125971520856e+07 1.1762952507267745e+08 3.4651230999831855e+06 -2.4829952061831364e+01 1.9504791602763142e+01 -1.7361235069261309e+00 1.3259713053471792e+03 -1.5301745259221175e-01 2.5733283071915421e-02 1.5024578477374126e-01 0
277 5 1 1.3615248515200001e+08 -1.8691067401556152e+08 7.3507736971679023e+06 -5.2306078081272161e+06 -5.0648956753140073e+00 -2.5100331409782871e+01 7.2883476079307841e-01 1.2568147412247811e+03 -1.8295322803990793e-01 8.0185002676234407e-02 1.2548142309647856e-01 0
278 5 3 1.3615248615199998e+08 -1.8691067908045527e+08 7.3507485968364682e+06 -5.2306070792924035e+06 -5.0648918897773934e+00 -2.5100331558659200e+01 7.2883486672954145e-01 1.2568147412247811e+03 0.0000000000000000e+00 0.0000000000000000e+00 0.0000000000000000e+00 221
279 5 2 1.3615248715199998e+08 -1.8691068414534527e+08 7.3507234965048851e+06 -5.2306063504574858e+06 -5.0648881042409242e+00 -2.5100331707535013e+01 7.2883497266598285e-01 1.2568147412247811e+03 0.0000000000000000e+00 0.0000000000000000e+00 0.0000000000000000e+00 0
280 5 1 1.3616112715199998e+08 -1.8695430349959901e+08 7.1338511294730250e+06 -5.2243052645639656e+06 -5.0321864259224522e+00 -2.5101598663746532e+01 7.2974945567664173e-01 1.2568147412247811e+03 -1.8466949983267514e-01 9.7192363200198556e-02 1.2210598597536373e-01 0
281 5 1 1.5602448615199998e+08 1.0960510678986572e+08 -8.8079491415247932e+07 1.5893294744973088e+07 1.0514773589790455e+01 3.0145614324667669e+01 -1.0360722659228150e+00 1.1393722607161333e+03 -1.5991815444617399e-01 1.1785617075602224e-01 1.0105560694227680e-01 0
282 5 3 1.5602448715199998e+08 1.0960511730463672e+08 -8.8079461269631609e+07 1.5893293708900452e+07 1.0514768456210058e+01 3.0145618450050733e+01 -1.0360730103178726e+00 1.1393722607161333e+03 0.0000000000000000e+00 0.0000000000000000e+00 0.0000000000000000e+00 50
283 5 2 1.5602448815199998e+08 1.0960512781940259e+08 -8.8079431124011159e+07 1.5893292672827071e+07 1.0514763322628003e+01 3.0145622575433322e+01 -1.0360737547130510e+00 1.1393722607161333e+03 0.0000000000000000e+00 0.0000000000000000e+00 0.0000000000000000e+00 0
284 5 1 1.5603312815199998e+08 1.0969578358592826e+08 -8.7818819016852245e+07 1.5884313198186673e+07 1.0470347133428872e+01 3.0181248168840501e+01 -1.0425098421124408e+00 1.1393722607161333e+03 6.8260397140298884e-02 6.5932335127608863e-02 9.7912315132944988e-02 0
285 5 1 1.8108048715199998e+08 -5.2428087209484808e+07 -1.7633405605907941e+08 1.9283023249154940e+07 2.3053232191221042e+01 -8.8434083678981035e-02 3.1043671336279064e+00 1.0214254543645579e+03 1.8646803516885344e-02 1.0387305915738157e-01 2.1490304719354777e-01 0
286 5 3 1.8108048815199998e+08 -5.2428064156252109e+07 -1.7633405614751163e+08 1.9283026353521865e+07 2.3053233290645139e+01 -8.8430385929098715e-02 3.1043667292601729e+00 1.0214254543645579e+03 0.0000000000000000e+00 0.0000000000000000e+00 0.0000000000000000e+00 92
287 5 2 1.8108048915199998e+08 -5.2428041103018314e+07 -1.7633405623594016e+08 1.9283029457888387e+07 2.3053234390068866e+01 -8.8426688178847149e-02 3.1043663248923332e+00 1.0214254543645579e+03 0.0000000000000000e+00 0.0000000000000000e+00 0.0000000000000000e+00 0
288 5 1 1.8108912915199998e+08 -5.2228820162367843e+07 -1.7633468218502650e+08 1.9309836078663860e+07 2.3062719433830981e+01 -5.6464337217818086e-02 3.1008686549803679e+00 1.0214254543645579e+03 1.1447438986354098e-01 -2.1457328025119521e-01 -2.1960105874096986e-01 0
289 5 1 1.9836048815199998e+08 -1.2479955675462571e+08 5.8629758250071265e+07 -1.8046229961934686e+07 -1.8516239037846908e+01 -2.3614770710054213e+01 2.7124356579955617e+00 9.1752917915086834e+02 1.1534601599973178e-01 -7.4842752221801395e-02 2.7890436923398970e-01 0
290 5 3 1.9836048915199998e+08 -1.2479957527086163e+08 5.8629734635299154e+07 -1.8046227249498587e+07 -1.8516232878908639e+01 -2.3614773603469640e+01 2.7124365485884669e+00 9.1752917915086834e+02 0.0000000000000000e+00 0.0000000000000000e+00 0.0000000000000000e+00 280
291 5 2 1.9836049015199998e+08 -1.2479959378709139e+08 5.8629711020524152e+07 -1.8046224537061598e+07 -1.8516226719970287e+01 -2.3614776496883504e+01 2.7124374391811168e+00 9.1752917915086834e+02 0.0000000000000000e+00 0.0000000000000000e+00 0.0000000000000000e+00 0
292 5 1 1.9836913015199998e+08 -1.2495934409676366e+08 5.8425571523068674e+07 -1.8022755863812555e+07 -1.8463010707615947e+01 -2.3639717419210491e+01 2.7201226407918471e+00 9.1752917915086834e+02 1.4495505527020600e-01 -6.5272987327499268e-02 -3.8384256814351730e-02 0
293 5 1 2.1564048915199998e+08 1.2674003826663725e+08 -2.1728250745234348e+07 8.4233694221096206e+06 5.1756602885889738e+00 3.3204275606927013e+01 -4.9151099183378557e+00 8.4563967169905902e+02 1.4372757240094255e-01 -4.7595415606021992e-02 -6.2875650027108071e-02 0
294 5 3 2.1564049015199998e+08 1.2674004344229361e+08 -2.1728217540958133e+07 8.4233645069994498e+06 5.1756524285677399e+00 3.3204276954444182e+01 -4.9151104407287498e+00 8.4563967169905902e+02 0.0000000000000000e+00 0.0000000000000000e+00 0.0000000000000000e+00 109
295 5 2 2.1564049115199998e+08 1.2674004861794209e+08 -2.1728184336680569e+07 8.4233595918887593e+06 5.1756445685460344e+00 3.3204278301959327e+01 -4.9151109631193481e+00 8.4563967169905902e+02 0.0000000000000000e+00 0.0000000000000000e+00 0.0000000000000000e+00 0
296 5 1 2.1564913115199998e+08 1.2678447276259457e+08 -2.1441249295060873e+07 8.3808735667433375e+06 5.1077164016898955e+00 3.3215844914613719e+01 -4.9196134099133300e+00 8.4563967169905902e+02 -7.7693052990617933e-02 3.8221275767860725e-02 -2.7885854330914187e-02 0
297 5 1 2.3292049015199998e+08 -1.8579142383115017e+08 -1.8985091199826561e+07 -5.8928683445504680e+06 2.6365569943090844e-01 -2.3486592273804458e+01 3.5597858984094279e+00 7.9386569080031222e+02 -9.7485231224035379e-02 1.0237681239531800e-01 -3.8092385524670966e-02 0
298 5 3 2.3292049115199998e+08 -1.8579142356749257e+08 -1.8985114686418593e+07 -5.8928647847645162e+06 2.6365947902449155e-01 -2.3486591887586560e+01 3.5597860182892380e+00 7.9386569080031222e+02 0.0000000000000000e+00 0.0000000000000000e+00 0.0000000000000000e+00 255
299 5 2 2.3292049215199998e+08 -1.8579142330383122e+08 -1.8985138173010241e+07 -5.8928612249784451e+06 2.6366325861794715e-01 -2.3486591501368196e+01 3.5597861381689722e+00 7.9386569080031222e+02 0.0000000000000000e+00 0.0000000000000000e+00 0.0000000000000000e+00 0
300 5 1 2.3292913215199998e+08 -1.8578900419441503e+08 -1.9188047858038258e+07 -5.8621002064589038e+06 2.9631418596179049e-01 -2.3483237208398652e+01 3.5608190516642604e+00 7.9386569080031222e+02 -6.4197416227684892e-02 3.3409516807944573e-01 -1.3013172340702259e-01 0
301 5 1 2.4242449115199998e+08 -3.7762688044288181e+07 -1.4196967029370329e+08 1.6066784855168287e+07 2.7927906426240607e+01 5.5365088489867391e+00 -7.6881761811094990e-02 7.0671200877850595e+02 -2.2124987970645497e-02 3.3561107588930300e-01 -1.1877135988438675e-01 0
302 5 3 2.4242449215199998e+08 -3.7762660116381034e+07 -1.4196966475719151e+08 1.6066784778286194e+07 2.7927907979016990e+01 5.5365146866863109e+00 -7.6882422466744108e-02 7.0671200877850595e+02 0.0000000000000000e+00 0.0000000000000000e+00 0.0000000000000000e+00 162
303 5 2 2.4242449315199998e+08 -3.7762632188472338e+07 -1.4196965922067392e+08 1.6066784701403443e+07 2.7927909531792615e+01 5.5365205243871332e+00 -7.6883083122557219e-02 7.0671200877850595e+02 0.0000000000000000e+00 0.0000000000000000e+00 0.0000000000000000e+00 0
304 5 1 2.4243313315199998e+08 -3.7521277174412973e+07 -1.4192160565792635e+08 1.6066095755076125e+07 2.7941297261174217e+01 5.5870049329283189e+00 -8.2597276381428705e-02 7.0671200877850595e+02 8.2388262625959271e-03 -5.4029962582439316e-03 -1.9608280331811782e-02 0
305 5 1 2.7871249215200001e+08 -6.3594871553887345e+07 1.0021611750942110e+08 -1.1109418811050767e+07 -3.4977369294751746e+01 -4.2043303511763295e+00 -2.8479328882305517e-03 6.8626645559766609e+02 7.3166466062642545e-03 1.8870075268036294e-03 -2.1399188066036055e-02 0
306 5 3 2.7871249315199995e+08 -6.3594906531254075e+07 1.0021611330508682e+08 -1.1109418813898265e+07 -3.4977364312829572e+01 -4.2043382019469684e+00 -2.8470625940798782e-03 6.8626645559766609e+02 0.0000000000000000e+00 0.0000000000000000e+00 0.0000000000000000e+00 5
307 5 2 2.7871249415199995e+08 -6.3594941508615822e+07 1.0021610910074469e+08 -1.1109418816744892e+07 -3.4977359330906552e+01 -4.2043460527142917e+00 -2.8461923002602468e-03 6.8626645559766609e+02 0.0000000000000000e+00 0.0000000000000000e+00 0.0000000000000000e+00 0
308 5 1 2.7872113415199995e+08 -6.3896959853562817e+07 1.0017949087891559e+08 -1.1109410959867733e+07 -3.4934284169658170e+01 -4.2720529796143412e+00 4.6608015328374322e-03 6.8626645559766609e+02 -2.2484465961099924e-02 1.4188678373511493e-01 -6.3623285337047322e-02 0
309 5 1 2.9340049315199995e+08 -1.1397812652767617e+08 -1.1926791033919792e+08 5.7092512809764482e+06 2.2412522519142335e+01 -5.4060950850512102e+00 4.4188349072399374e-01 6.3021746637926788e+02 -2.8034327268379983e-02 1.2760195220092169e-01 -5.6928038133445026e-02 0
310 5 3 2.9340049415199995e+08 -1.1397810411515200e+08 -1.1926791574529125e+08 5.7092517228598539e+06 2.2412525882093849e+01 -5.4060915660229529e+00 4.4188332227116472e-01 6.3021746637926788e+02 0.0000000000000000e+00 0.0000000000000000e+00 0.0000000000000000e+00 143
311 5 4 2.9340049515199995e+08 -1.1397808170262448e+08 -1.1926792115138103e+08 5.7092521647430910e+06 2.2412529245045405e+01 -5.4060880469937960e+00 4.4188315381828724e-01 6.3021746637926788e+02 0.0000000000000000e+00 0.0000000000000000e+00 0.0000000000000000e+00 0
